1416638885 0 0 1 0 0 0 0 0 0 0 0 0
1416657063 0 0 2 0 0 0 0 0 0 0 0 0
1416657119 0 0 3 0 0 0 0 0 0 0 0 0
1416663703 0 0 4 0 0 0 0 0 0 0 0 0
1416728283 0 0 5 0 0 0 0 0 0 0 0 0
1416728329 0 0 6 0 0 0 0 0 0 0 0 0
1416728426 0 0 7 0 0 0 0 0 0 0 0 0
1416748856 0 0 8 0 0 0 0 0 0 0 0 0
1416748888 0 0 9 0 0 0 0 0 0 0 0 0
1416748938 0 0 10 0 0 0 0 0 0 0 0 0
1416749010 0 0 11 0 0 0 0 0 0 0 0 0
1416749070 0 0 12 0 0 0 0 0 0 0 0 0
1416752314 0 0 13 0 0 0 0 0 0 0 0 0
1416753307 0 0 14 0 0 0 0 0 0 0 0 0
1416757408 0 0 15 0 0 0 0 0 0 0 0 0
1416757502 0 0 16 0 0 0 0 0 0 0 0 0
1416820295 0 0 17 0 0 0 0 0 0 0 0 0
1416820849 0 0 17 0 1 0 0 0 0 0 0 0
1416824172 0 0 17 0 3 0 0 1 0 0 0 0
1416826860 0 0 18 0 3 0 0 1 0 0 0 0
1416827249 0 0 19 0 3 0 0 1 0 0 0 0
1416855362 0 0 20 0 3 0 0 1 0 0 0 0
1416855418 0 0 20 1 3 0 0 1 0 0 0 0
1416856913 0 0 20 2 3 0 0 1 0 0 0 0
1416857556 0 0 21 2 3 0 0 1 0 0 0 0
1416857972 0 1 21 2 3 0 0 1 0 0 0 0
1416861759 0 1 22 2 3 0 0 1 0 0 0 0
1416861940 0 1 23 2 3 0 0 1 0 0 0 0
1416862106 0 1 24 2 3 0 0 1 0 0 0 0
1416862163 0 1 25 2 3 0 0 1 0 0 0 0
1416862360 0 1 26 2 3 0 0 1 0 0 0 0
1416862475 0 1 27 2 3 0 0 1 0 0 0 0
1416862533 0 1 28 2 3 0 0 1 0 0 0 0
1416863642 0 1 29 2 3 0 0 1 0 0 0 0
1416907464 0 1 30 2 3 0 0 1 0 0 0 0
1416913059 0 1 30 2 3 0 0 1 0 0 0 1
1416938182 0 1 30 3 3 0 0 1 0 0 0 1
1416938233 0 1 30 4 3 0 0 1 0 0 0 1
1416938803 0 1 30 5 3 0 0 1 0 0 0 1
1416938849 0 1 30 6 3 0 0 1 0 0 0 1
1417196557 0 1 31 6 3 0 0 1 0 0 0 1
1417307042 0 1 32 6 3 0 0 1 0 0 0 1
1417311375 0 1 33 6 3 0 0 1 0 0 0 1
1417339113 1 1 33 6 3 0 0 1 0 0 0 1
1417340814 2 1 33 6 3 0 0 1 0 0 0 1
1417362804 3 1 33 6 3 0 0 1 0 0 0 1
1417418419 3 1 33 6 4 0 0 1 0 0 0 1
1417429971 3 1 33 6 5 0 0 1 0 0 0 1
1417431687 3 1 33 6 6 0 0 1 0 0 0 1
1417433389 3 1 33 6 7 0 0 1 0 0 0 1
1417495589 3 1 33 6 8 0 0 1 0 0 0 1
1417506177 3 1 33 6 9 0 0 1 0 0 0 1
1417814144 3 2 33 6 9 0 0 1 0 0 0 1
1417815746 3 3 33 6 9 0 0 1 0 0 0 1
1417816583 3 4 33 6 9 0 0 1 0 0 0 1
1417862430 3 4 33 6 9 0 0 2 0 0 0 1
1417865430 3 4 33 6 9 0 0 3 0 0 0 1
1417899254 3 4 33 6 9 0 0 4 0 0 0 1
1418110648 3 5 33 6 9 0 0 4 0 0 0 1
1418110787 3 6 33 6 9 0 0 4 0 0 0 1
1418110887 3 7 33 6 9 0 0 4 0 0 0 1
1418110926 3 8 33 6 9 0 0 4 0 0 0 1
1418111110 3 9 33 6 9 0 0 4 0 0 0 1
1418111316 3 10 33 6 9 0 0 4 0 0 0 1
1418111555 3 11 33 6 9 0 0 4 0 0 0 1
1418111751 3 12 33 6 9 0 0 4 0 0 0 1
1418111851 3 13 33 6 9 0 0 4 0 0 0 1
1418112013 3 14 33 6 9 0 0 4 0 0 0 1
1418112120 3 15 33 6 9 0 0 4 0 0 0 1
1418126645 3 15 33 6 10 0 0 4 0 0 0 1
1418127400 3 15 33 6 11 0 0 4 0 0 0 1
1418128546 3 15 33 6 12 0 0 4 0 0 0 1
1418137787 3 15 34 6 12 0 0 4 0 0 0 1
1418138028 4 15 34 6 12 0 0 4 0 0 0 1
1418138133 4 15 35 6 12 0 0 4 0 0 0 1
1418138786 5 15 35 6 12 0 0 4 0 0 0 1
1418139054 6 15 35 6 12 0 0 4 0 0 0 1
1418139318 6 15 36 6 12 0 0 4 0 0 0 1
1418140127 7 15 36 6 12 0 0 4 0 0 0 1
1418142702 7 15 37 6 12 0 0 4 0 0 0 1
1418142831 7 15 38 6 12 0 0 4 0 0 0 1
1418147220 8 15 38 6 12 0 0 4 0 0 0 1
1418155544 8 15 39 6 12 0 0 4 0 0 0 1
1418156863 8 15 40 6 12 0 0 4 0 0 0 1
1418158523 8 15 41 6 12 0 0 4 0 0 0 1
1418158579 8 15 42 6 12 0 0 4 0 0 0 1
1418159395 9 15 42 6 12 0 0 4 0 0 0 1
1418161299 10 15 42 6 12 0 0 4 0 0 0 1
1418204747 11 15 42 6 12 0 0 4 0 0 0 1
1418206259 12 15 42 6 12 0 0 4 0 0 0 1
1418210928 13 15 42 6 12 0 0 4 0 0 0 1
1418212217 14 15 42 6 12 0 0 4 0 0 0 1
1418212600 15 15 42 6 12 0 0 4 0 0 0 1
1418216135 16 15 42 6 12 0 0 4 0 0 0 1
1418227707 17 15 42 6 12 0 0 4 0 0 0 1
1418230497 18 15 42 6 12 0 0 4 0 0 0 1
1418232641 19 15 42 6 12 0 0 4 0 0 0 1
1418235245 20 15 42 6 12 0 0 4 0 0 0 1
1418236724 21 15 42 6 12 0 0 4 0 0 0 1
1418250952 21 15 43 6 12 0 0 4 0 0 0 1
1418251078 21 15 44 6 12 0 0 4 0 0 0 1
1418283773 22 15 44 6 12 0 0 4 0 0 0 1
1418283990 23 15 44 6 12 0 0 4 0 0 0 1
1418284424 24 15 44 6 12 0 0 4 0 0 0 1
1418284634 25 15 44 6 12 0 0 4 0 0 0 1
1418301387 25 16 44 6 12 0 0 4 0 0 0 1
1418301501 25 17 44 6 12 0 0 4 0 0 0 1
1418301720 25 18 44 6 12 0 0 4 0 0 0 1
1418301785 25 19 44 6 12 0 0 4 0 0 0 1
1418302551 25 20 44 6 12 0 0 4 0 0 0 1
1418408334 26 20 44 6 12 0 0 4 0 0 0 1
1418408530 27 20 44 6 12 0 0 4 0 0 0 1
1418767982 27 20 45 6 12 0 0 4 0 0 0 1
1418768440 27 20 46 6 12 0 0 4 0 0 0 1
1418768711 27 20 47 6 12 0 0 4 0 0 0 1
1418768906 27 20 48 6 12 0 0 4 0 0 0 1
1418769657 27 20 49 6 12 0 0 4 0 0 0 1
1418770871 27 20 50 6 12 0 0 4 0 0 0 1
1418775705 27 20 51 6 12 0 0 4 0 0 0 1
1418906174 27 20 52 6 12 0 0 4 0 0 0 1
1418907239 27 20 53 6 12 0 0 4 0 0 0 1
1418908328 27 20 54 6 12 0 0 4 0 0 0 1
1419081813 27 20 55 6 12 0 0 4 0 0 0 1
1419115309 27 20 56 6 12 0 0 4 0 0 0 1
1419115379 27 20 57 6 12 0 0 4 0 0 0 1
1419115416 27 20 58 6 12 0 0 4 0 0 0 1
1419117493 27 20 58 6 12 0 0 5 0 0 0 1
1419146481 27 20 58 6 12 0 0 6 0 0 0 1
1419152310 27 20 58 6 12 0 0 7 0 0 0 1
1419156781 27 20 59 6 12 0 0 7 0 0 0 1
1419306035 27 20 60 6 12 0 0 7 0 0 0 1
1419326388 28 20 60 6 12 0 0 7 0 0 0 1
1419326403 29 20 60 6 12 0 0 7 0 0 0 1
1419348488 29 21 60 6 12 0 0 7 0 0 0 1
1419348653 29 22 60 6 12 0 0 7 0 0 0 1
1419348783 29 23 60 6 12 0 0 7 0 0 0 1
1419349050 29 24 60 6 12 0 0 7 0 0 0 1
1419349099 29 25 60 6 12 0 0 7 0 0 0 1
1419349362 29 26 60 6 12 0 0 7 0 0 0 1
1419349406 29 27 60 6 12 0 0 7 0 0 0 1
1419349437 29 28 60 6 12 0 0 7 0 0 0 1
1419364475 29 28 60 6 12 0 0 8 0 0 0 1
1419364970 29 28 60 6 12 0 0 9 0 0 0 1
1419368391 29 28 60 6 12 0 0 10 0 0 0 1
1419450155 29 28 60 6 12 0 0 11 0 0 0 1
1419450935 29 28 60 6 12 0 0 12 0 0 0 1
1419454879 29 28 60 6 12 0 0 13 0 0 0 1
1419455156 29 28 60 6 12 0 0 14 0 0 0 1
1419469769 29 28 61 6 12 0 0 14 0 0 0 1
1419478184 29 28 62 6 12 0 0 14 0 0 0 1
1419499127 29 28 62 6 12 0 0 15 0 0 0 1
1419508143 29 28 62 6 13 0 0 15 0 0 0 1
1419516379 29 29 62 6 13 0 0 15 0 0 0 1
1419516453 29 30 62 6 13 0 0 15 0 0 0 1
1419522201 29 30 63 6 13 0 0 15 0 0 0 1
1419535973 29 30 63 6 13 0 0 16 0 0 0 1
1419635606 29 30 64 6 13 0 0 16 0 0 0 1
1419675268 30 30 64 6 13 0 0 16 0 0 0 1
1419675311 31 30 64 6 13 0 0 16 0 0 0 1
1419676921 32 30 64 6 13 0 0 16 0 0 0 1
1419677885 33 30 64 6 13 0 0 16 0 0 0 1
1419678349 34 30 64 6 13 0 0 16 0 0 0 1
1419678801 35 30 64 6 13 0 0 16 0 0 0 1
1419958970 35 30 64 7 13 0 0 16 0 0 0 1
1419971565 35 30 65 7 13 0 0 16 0 0 0 1
1419971615 35 30 66 7 13 0 0 16 0 0 0 1
1419972033 35 30 67 7 13 0 0 16 0 0 0 1
1420188614 36 30 67 7 13 0 0 16 0 0 0 1
1420189074 37 30 67 7 13 0 0 16 0 0 0 1
1420194174 38 30 67 7 13 0 0 16 0 0 0 1
1420195294 39 30 67 7 13 0 0 16 0 0 0 1
1420355233 40 30 67 7 13 0 0 16 0 0 0 1
1420834311 40 30 68 7 13 0 0 16 0 0 0 1
1420835321 40 30 69 7 13 0 0 16 0 0 0 1
1420836192 41 30 69 7 13 0 0 16 0 0 0 1
1420836836 42 30 69 7 13 0 0 16 0 0 0 1
1420888474 43 30 69 7 13 0 0 16 0 0 0 1
1420895214 44 30 69 7 13 0 0 16 0 0 0 1
1420896513 44 30 70 7 13 0 0 16 0 0 0 1
1420896651 45 30 70 7 13 0 0 16 0 0 0 1
1420896686 46 30 70 7 13 0 0 16 0 0 0 1
1420898566 46 30 71 7 13 0 0 16 0 0 0 1
1420904972 47 30 71 7 13 0 0 16 0 0 0 1
1420912177 48 30 71 7 13 0 0 16 0 0 0 1
1420916585 49 30 71 7 13 0 0 16 0 0 0 1
1420917529 50 30 71 7 13 0 0 16 0 0 0 1
1420919318 51 30 71 7 13 0 0 16 0 0 0 1
1420919439 52 30 71 7 13 0 0 16 0 0 0 1
1420919551 53 30 71 7 13 0 0 16 0 0 0 1
1420925783 54 30 71 7 13 0 0 16 0 0 0 1
1420929535 55 30 71 7 13 0 0 16 0 0 0 1
1420942212 55 30 72 7 13 0 0 16 0 0 0 1
1420947947 55 30 73 7 13 0 0 16 0 0 0 1
1420960544 55 30 74 7 13 0 0 16 0 0 0 1
1420960699 55 30 75 7 13 0 0 16 0 0 0 1
1420973871 56 30 75 7 13 0 0 16 0 0 0 1
1420974397 57 30 75 7 13 0 0 16 0 0 0 1
1421054825 58 30 75 7 13 0 0 16 0 0 0 1
1421057314 59 30 75 7 13 0 0 16 0 0 0 1
1421062297 60 30 75 7 13 0 0 16 0 0 0 1
1421062768 61 30 75 7 13 0 0 16 0 0 0 1
1421064265 62 30 75 7 13 0 0 16 0 0 0 1
1421068806 62 30 76 7 13 0 0 16 0 0 0 1
1421069620 62 30 76 7 13 0 1 16 0 0 0 1
1421079536 63 30 76 7 13 0 1 16 0 0 0 1
1421079626 64 30 76 7 13 0 1 16 0 0 0 1
1421083972 64 30 76 8 13 0 1 16 0 0 0 1
1421087043 64 30 76 9 13 0 1 16 0 0 0 1
1421091480 64 30 76 9 13 1 1 16 0 0 0 1
1421096862 64 30 76 9 13 1 1 16 0 0 1 1
1421164909 64 30 76 10 13 1 1 16 0 0 1 1
1421165263 64 30 76 11 13 1 1 16 0 0 1 1
1421178353 65 30 76 11 13 1 1 16 0 0 1 1
1421178373 66 30 76 11 13 1 1 16 0 0 1 1
1421186016 66 30 76 11 13 1 1 16 0 1 1 1
1421186245 66 30 76 11 13 1 1 16 0 2 1 1
1421186318 66 30 76 11 13 1 1 16 0 3 1 1
1421186430 66 30 76 11 13 1 1 16 0 4 1 1
1421186515 66 30 76 11 13 1 1 16 0 5 1 1
1421187286 66 30 76 11 13 1 1 16 0 6 1 1
1421210186 66 30 77 11 13 1 1 16 0 6 1 1
1421222705 66 30 77 11 13 1 2 16 0 6 1 1
1421241199 67 30 77 11 13 1 2 16 0 6 1 1
1421252638 67 30 77 11 14 1 2 16 0 6 1 1
1421253677 67 30 77 11 15 1 2 16 0 6 1 1
1421253766 67 30 77 11 16 1 2 16 0 6 1 1
1421255010 67 30 77 11 17 1 2 16 0 6 1 1
1421261336 67 30 77 11 17 2 2 16 0 6 1 1
1421262557 67 30 77 11 17 3 2 16 0 6 1 1
1421263655 68 30 77 11 17 3 2 16 0 6 1 1
1421267235 68 30 78 11 17 3 2 16 0 6 1 1
1421270378 68 30 79 11 17 3 2 16 0 6 1 1
1421276329 69 30 79 11 17 3 2 16 0 6 1 1
1421276405 70 30 79 11 17 3 2 16 0 6 1 1
1421299768 70 30 79 11 18 3 2 16 0 6 1 1
1421301668 71 30 79 11 18 3 2 16 0 6 1 1
1421301717 72 30 79 11 18 3 2 16 0 6 1 1
1421312819 72 30 80 11 18 3 2 16 0 6 1 1
1421324908 73 30 80 11 18 3 2 16 0 6 1 1
1421344665 74 30 80 11 18 3 2 16 0 6 1 1
1421353009 74 30 80 11 18 4 2 16 0 6 1 1
1421358950 75 30 80 11 18 4 2 16 0 6 1 1
1421398394 76 30 80 11 18 4 2 16 0 6 1 1
1421406207 77 30 80 11 18 4 2 16 0 6 1 1
1421414518 78 30 80 11 18 4 2 16 0 6 1 1
1421425278 79 30 80 11 18 4 2 16 0 6 1 1
1421428255 80 30 80 11 18 4 2 16 0 6 1 1
1421434780 81 30 80 11 18 4 2 16 0 6 1 1
1421436723 81 30 80 11 18 5 2 16 0 6 1 1
1421443196 82 30 80 11 18 5 2 16 0 6 1 1
1421452860 83 30 80 11 18 5 2 16 0 6 1 1
1421464042 84 30 80 11 18 5 2 16 0 6 1 1
1421525771 85 30 80 11 18 5 2 16 0 6 1 1
1421529071 86 30 80 11 18 5 2 16 0 6 1 1
1421530888 86 30 80 12 18 5 2 16 0 6 1 1
1421531201 86 30 80 12 18 6 2 16 0 6 1 1
1421531602 86 30 80 13 18 6 2 16 0 6 1 1
1421531949 86 30 80 14 18 6 2 16 0 6 1 1
1421535010 86 30 80 15 18 6 2 16 0 6 1 1
1421578192 86 30 80 15 18 7 2 16 0 6 1 1
1421611849 86 30 80 15 18 7 3 16 0 6 1 1
1421613603 87 30 80 15 18 7 3 16 0 6 1 1
1421613619 88 30 80 15 18 7 3 16 0 6 1 1
1421614245 89 30 80 15 18 7 3 16 0 6 1 1
1421630081 90 30 80 15 18 7 3 16 0 6 1 1
1421643437 90 30 80 15 18 7 4 16 0 6 1 1
1421648894 90 30 80 15 18 7 5 16 0 6 1 1
1421649470 90 30 80 15 18 7 6 16 0 6 1 1
1421659768 90 30 80 15 18 7 7 16 0 6 1 1
1421683099 90 30 80 15 18 7 8 16 0 6 1 1
1421683506 90 30 80 16 18 7 8 16 0 6 1 1
1421683542 90 30 80 17 18 7 8 16 0 6 1 1
1421684993 90 30 80 18 18 7 8 16 0 6 1 1
1421685375 91 30 80 18 18 7 8 16 0 6 1 1
1421685689 91 30 80 19 18 7 8 16 0 6 1 1
1421688748 92 30 80 19 18 7 8 16 0 6 1 1
1421688768 93 30 80 19 18 7 8 16 0 6 1 1
1421693351 93 30 80 19 18 8 8 16 0 6 1 1
1421695260 94 30 80 19 18 8 8 16 0 6 1 1
1421695280 95 30 80 19 18 8 8 16 0 6 1 1
1421703452 96 30 80 19 18 8 8 16 0 6 1 1
1421718309 96 30 81 19 18 8 8 16 0 6 1 1
1421719171 96 30 82 19 18 8 8 16 0 6 1 1
1421731763 96 30 82 19 18 8 9 16 0 6 1 1
1421745404 96 30 82 20 18 8 9 16 0 6 1 1
1421752471 97 30 82 20 18 8 9 16 0 6 1 1
1421752496 98 30 82 20 18 8 9 16 0 6 1 1
1421755875 98 30 82 20 19 8 9 16 0 6 1 1
1421756899 98 30 82 20 20 8 9 16 0 6 1 1
1421757208 98 30 82 20 21 8 9 16 0 6 1 1
1421757232 98 30 82 20 22 8 9 16 0 6 1 1
1421762423 99 30 82 20 22 8 9 16 0 6 1 1
1421762466 100 30 82 20 22 8 9 16 0 6 1 1
1421769324 101 30 82 20 22 8 9 16 0 6 1 1
1421773646 101 30 82 20 22 8 10 16 0 6 1 1
1421783836 101 30 82 20 22 9 10 16 0 6 1 1
1421784542 101 30 82 20 22 9 11 16 0 6 1 1
1421786598 102 30 82 20 22 9 11 16 0 6 1 1
1421788084 103 30 82 20 22 9 11 16 0 6 1 1
1421824154 103 30 82 20 23 9 11 16 0 6 1 1
1421836135 103 30 82 20 24 9 11 16 0 6 1 1
1421836236 103 30 82 20 25 9 11 16 0 6 1 1
1421837373 103 30 82 20 26 9 11 16 0 6 1 1
1421861923 104 30 82 20 26 9 11 16 0 6 1 1
1421861976 105 30 82 20 26 9 11 16 0 6 1 1
1421866738 105 30 83 20 26 9 11 16 0 6 1 1
1421866795 105 30 84 20 26 9 11 16 0 6 1 1
1421913809 105 30 84 20 26 9 12 16 0 6 1 1
1421925096 105 31 84 20 26 9 12 16 0 6 1 1
1421926693 105 31 84 20 27 9 12 16 0 6 1 1
1421926758 105 31 84 20 28 9 12 16 0 6 1 1
1421926873 105 31 84 20 29 9 12 16 0 6 1 1
1421934431 105 31 84 21 29 9 12 16 0 6 1 1
1421936249 105 31 84 22 29 9 12 16 0 6 1 1
1421937361 106 31 84 22 29 9 12 16 0 6 1 1
1421939042 107 31 84 22 29 9 12 16 0 6 1 1
1421940865 108 31 84 22 29 9 12 16 0 6 1 1
1421950890 108 31 84 22 29 10 12 16 0 6 1 1
1421957640 108 31 84 22 29 11 12 16 0 6 1 1
1421965153 108 31 85 22 29 11 12 16 0 6 1 1
1421985746 108 31 86 22 29 11 12 16 0 6 1 1
1421986118 108 31 88 22 29 11 12 16 0 6 1 1
1421986193 108 31 89 22 29 11 12 16 0 6 1 1
1421987770 108 31 90 22 29 11 12 16 0 6 1 1
1421991646 108 31 91 22 29 11 12 16 0 6 1 1
1421992189 108 31 92 22 29 11 12 16 0 6 1 1
1421993612 108 31 92 22 29 11 12 16 1 6 1 1
1422026390 109 31 92 22 29 11 12 16 1 6 1 1
1422032940 109 32 92 22 29 11 12 16 1 6 1 1
1422034254 109 33 92 22 29 11 12 16 1 6 1 1
1422034348 109 34 92 22 29 11 12 16 1 6 1 1
1422034526 109 35 92 22 29 11 12 16 1 6 1 1
1422035131 109 36 92 22 29 11 12 16 1 6 1 1
1422040181 109 37 92 22 29 11 12 16 1 6 1 1
1422043701 110 37 92 22 29 11 12 16 1 6 1 1
1422043721 111 37 92 22 29 11 12 16 1 6 1 1
1422057837 111 37 92 22 29 12 12 16 1 6 1 1
1422083119 112 37 92 22 29 12 12 16 1 6 1 1
1422083141 113 37 92 22 29 12 12 16 1 6 1 1
1422085789 114 37 92 22 29 12 12 16 1 6 1 1
1422088759 115 37 92 22 29 12 12 16 1 6 1 1
1422090779 116 37 92 22 29 12 12 16 1 6 1 1
1422093755 117 37 92 22 29 12 12 16 1 6 1 1
1422095227 118 37 92 22 29 12 12 16 1 6 1 1
1422096085 118 37 92 22 30 12 12 16 1 6 1 1
1422097304 118 37 92 22 31 12 12 16 1 6 1 1
1422097421 118 37 92 22 32 12 12 16 1 6 1 1
1422106411 118 37 92 22 33 12 12 16 1 6 1 1
1422121411 118 37 92 22 33 13 12 16 1 6 1 1
1422130220 119 37 92 22 33 13 12 16 1 6 1 1
1422140411 119 37 92 23 33 13 12 16 1 6 1 1
1422140648 119 37 92 24 33 13 12 16 1 6 1 1
1422186852 119 37 92 25 33 13 12 16 1 6 1 1
1422190471 119 37 92 26 33 13 12 16 1 6 1 1
1422199985 119 37 92 26 33 14 12 16 1 6 1 1
1422200951 120 37 92 26 33 14 12 16 1 6 1 1
1422208815 120 37 92 26 33 15 12 16 1 6 1 1
1422213732 121 37 92 26 33 15 12 16 1 6 1 1
1422214954 122 37 92 26 33 15 12 16 1 6 1 1
1422227122 122 37 92 27 33 15 12 16 1 6 1 1
1422242045 122 37 93 27 33 15 12 16 1 6 1 1
1422254807 122 37 93 27 34 15 12 16 1 6 1 1
1422276749 122 37 93 27 34 15 13 16 1 6 1 1
1422278881 122 37 93 27 34 15 14 16 1 6 1 1
1422281263 122 37 93 27 34 15 15 16 1 6 1 1
1422288322 122 37 93 27 34 15 16 16 1 6 1 1
1422288818 122 37 94 27 34 15 16 16 1 6 1 1
1422289534 122 37 94 27 34 15 17 16 1 6 1 1
1422289589 122 37 94 27 34 15 18 16 1 6 1 1
1422293544 123 37 94 27 34 15 18 16 1 6 1 1
1422299056 124 37 94 27 34 15 18 16 1 6 1 1
1422300992 124 37 94 27 34 16 18 16 1 6 1 1
1422302136 125 37 94 27 34 16 18 16 1 6 1 1
1422302156 126 37 94 27 34 16 18 16 1 6 1 1
1422302854 127 37 94 27 34 16 18 16 1 6 1 1
1422303577 128 37 94 27 34 16 18 16 1 6 1 1
1422310077 128 37 94 28 34 16 18 16 1 6 1 1
1422310252 128 37 94 29 34 16 18 16 1 6 1 1
1422315484 128 37 94 30 34 16 18 16 1 6 1 1
1422338688 128 37 94 30 35 16 18 16 1 6 1 1
1422339266 128 37 94 30 36 16 18 16 1 6 1 1
1422351007 128 37 94 30 36 16 19 16 1 6 1 1
1422354922 128 37 94 30 36 16 19 16 2 6 1 1
1422355023 128 37 94 30 36 16 20 16 2 6 1 1
1422376083 129 37 94 30 36 16 20 16 2 6 1 1
1422377298 130 37 94 30 36 16 20 16 2 6 1 1
1422379528 130 37 94 30 36 16 21 16 2 6 1 1
1422381368 131 37 94 30 36 16 21 16 2 6 1 1
1422385216 132 37 94 30 36 16 21 16 2 6 1 1
1422425978 133 37 94 30 36 16 21 16 2 6 1 1
1422433552 133 37 94 30 36 16 22 16 2 6 1 1
1422438048 134 37 94 30 36 16 22 16 2 6 1 1
1422438888 135 37 94 30 36 16 22 16 2 6 1 1
1422439785 136 37 94 30 36 16 22 16 2 6 1 1
1422442430 137 37 94 30 36 16 22 16 2 6 1 1
1422444390 137 37 94 30 36 16 23 16 2 6 1 1
1422456011 137 37 94 30 36 16 24 16 2 6 1 1
1422458139 137 37 95 30 36 16 24 16 2 6 1 1
1422460497 138 37 95 30 36 16 24 16 2 6 1 1
1422460517 139 37 95 30 36 16 24 16 2 6 1 1
1422463391 140 37 95 30 36 16 24 16 2 6 1 1
1422478902 140 37 96 30 36 16 24 16 2 6 1 1
1422478967 140 37 97 30 36 16 24 16 2 6 1 1
1422479223 140 37 98 30 36 16 24 16 2 6 1 1
1422491456 140 37 99 30 36 16 24 16 2 6 1 1
1422508117 140 37 99 30 37 16 24 16 2 6 1 1
1422508402 140 37 99 30 38 16 24 16 2 6 1 1
1422537523 140 37 99 30 38 16 25 16 2 6 1 1
1422549146 140 37 99 30 38 16 26 16 2 6 1 1
1422553175 140 37 99 30 38 16 27 16 2 6 1 1
1422553226 140 37 99 30 38 16 28 16 2 6 1 1
1422554027 140 37 99 30 38 16 29 16 2 6 1 1
1422554271 140 37 99 30 39 16 29 16 2 6 1 1
1422554313 140 37 99 30 40 16 29 16 2 6 1 1
1422554758 140 37 99 30 40 16 30 16 2 6 1 1
1422577450 140 37 100 30 40 16 30 16 2 6 1 1
1422582687 140 37 101 30 40 16 30 16 2 6 1 1
1422588515 140 37 102 30 40 16 30 16 2 6 1 1
1422596249 140 37 102 30 40 16 31 16 2 6 1 1
1422596447 140 37 102 30 41 16 31 16 2 6 1 1
1422596487 140 37 102 30 42 16 31 16 2 6 1 1
1422599405 140 37 102 30 42 16 32 16 2 6 1 1
1422618021 140 37 102 30 42 16 33 16 2 6 1 1
1422640139 140 38 102 30 42 16 33 16 2 6 1 1
1422640684 140 39 102 30 42 16 33 16 2 6 1 1
1422640782 140 40 102 30 42 16 33 16 2 6 1 1
1422640887 140 41 102 30 42 16 33 16 2 6 1 1
1422641060 140 42 102 30 42 16 33 16 2 6 1 1
1422641143 140 43 102 30 42 16 33 16 2 6 1 1
1422641286 140 44 102 30 42 16 33 16 2 6 1 1
1422641523 140 45 102 30 42 16 33 16 2 6 1 1
1422643997 140 46 102 30 42 16 33 16 2 6 1 1
1422686595 141 46 102 30 42 16 33 16 2 6 1 1
1422687514 142 46 102 30 42 16 33 16 2 6 1 1
1422722281 142 47 102 30 42 16 33 16 2 6 1 1
1422722311 142 48 102 30 42 16 33 16 2 6 1 1
1422782360 142 48 102 31 42 16 33 16 2 6 1 1
1422800380 142 48 102 31 42 17 33 16 2 6 1 1
1422801776 142 48 102 31 42 18 33 16 2 6 1 1
1422812982 142 48 102 31 42 19 33 16 2 6 1 1
1422813872 142 48 102 32 42 19 33 16 2 6 1 1
1422826650 142 48 102 32 42 20 33 16 2 6 1 1
1422862292 143 48 102 32 42 20 33 16 2 6 1 1
1422862727 144 48 102 32 42 20 33 16 2 6 1 1
1422875919 144 48 103 32 42 20 33 16 2 6 1 1
1422881997 144 49 103 32 42 20 33 16 2 6 1 1
1422882087 144 50 103 32 42 20 33 16 2 6 1 1
1422882144 144 51 103 32 42 20 33 16 2 6 1 1
1422882226 144 52 103 32 42 20 33 16 2 6 1 1
1422921189 144 52 103 32 42 21 33 16 2 6 1 1
1422956252 144 52 104 32 42 21 33 16 2 6 1 1
1422987174 144 52 104 32 42 22 33 16 2 6 1 1
1423064089 145 52 104 32 42 22 33 16 2 6 1 1
1423081549 145 52 104 32 42 23 33 16 2 6 1 1
1423081705 145 52 104 32 42 24 33 16 2 6 1 1
1423205425 146 52 104 32 42 24 33 16 2 6 1 1
1423206812 147 52 104 32 42 24 33 16 2 6 1 1
1423208521 148 52 104 32 42 24 33 16 2 6 1 1
1423215941 149 52 104 32 42 24 33 16 2 6 1 1
1423220162 150 52 104 32 42 24 33 16 2 6 1 1
1423220226 151 52 104 32 42 24 33 16 2 6 1 1
1423256925 151 53 104 32 42 24 33 16 2 6 1 1
1423261945 151 53 104 32 42 25 33 16 2 6 1 1
1423326216 151 53 104 32 42 25 34 16 2 6 1 1
1423332818 152 53 104 32 42 25 34 16 2 6 1 1
1423338809 152 54 104 32 42 25 34 16 2 6 1 1
1423393229 152 54 104 32 42 25 34 16 3 6 1 1
1423395866 153 54 104 32 42 25 34 16 3 6 1 1
1423395885 154 54 104 32 42 25 34 16 3 6 1 1
1423396072 155 54 104 32 42 25 34 16 3 6 1 1
1423398972 156 54 104 32 42 25 34 16 3 6 1 1
1423399992 157 54 104 32 42 25 34 16 3 6 1 1
1423401832 158 54 104 32 42 25 34 16 3 6 1 1
1423402530 159 54 104 32 42 25 34 16 3 6 1 1
1423403545 159 55 104 32 42 25 34 16 3 6 1 1
1423403571 159 56 104 32 42 25 34 16 3 6 1 1
1423404574 159 56 104 32 42 25 34 16 4 6 1 1
1423405234 160 56 104 32 42 25 34 16 4 6 1 1
1423406168 160 56 104 32 42 25 34 16 5 6 1 1
1423472309 160 57 104 32 42 25 34 16 5 6 1 1
1423494832 160 57 104 32 43 25 34 16 5 6 1 1
1423646309 160 57 104 33 43 25 34 16 5 6 1 1
1423646598 160 57 104 34 43 25 34 16 5 6 1 1
1423667460 160 57 104 35 43 25 34 16 5 6 1 1
1423667775 160 57 104 36 43 25 34 16 5 6 1 1
1423670078 160 57 104 37 43 25 34 16 5 6 1 1
1423671038 160 57 104 38 43 25 34 16 5 6 1 1
1423728532 160 57 104 39 43 25 34 16 5 6 1 1
1423731004 160 57 104 40 43 25 34 16 5 6 1 1
1423735592 160 57 104 41 43 25 34 16 5 6 1 1
1423760228 160 57 104 41 44 25 34 16 5 6 1 1
1423760291 160 57 104 41 45 25 34 16 5 6 1 1
1423763914 161 57 104 41 45 25 34 16 5 6 1 1
1423764945 161 57 104 41 46 25 34 16 5 6 1 1
1423764963 161 57 104 41 47 25 34 16 5 6 1 1
1423765009 161 57 104 42 47 25 34 16 5 6 1 1
1423765569 161 57 104 43 47 25 34 16 5 6 1 1
1423766958 161 57 104 43 48 25 34 16 5 6 1 1
1423782156 161 57 104 43 48 26 34 16 5 6 1 1
1423852108 161 57 104 43 48 27 34 16 5 6 1 1
1423909175 162 57 104 43 48 27 34 16 5 6 1 1
1423912397 162 57 104 43 48 28 34 16 5 6 1 1
1423913967 163 57 104 43 48 28 34 16 5 6 1 1
1423918829 164 57 104 43 48 28 34 16 5 6 1 1
1423920672 165 57 104 43 48 28 34 16 5 6 1 1
1423925055 166 57 104 43 48 28 34 16 5 6 1 1
1423940167 166 57 104 43 49 28 34 16 5 6 1 1
1423940186 166 57 104 43 50 28 34 16 5 6 1 1
1423941508 166 57 104 43 50 29 34 16 5 6 1 1
1423941624 166 57 104 43 50 30 34 16 5 6 1 1
1423942191 167 57 104 43 50 30 34 16 5 6 1 1
1423942207 168 57 104 43 50 30 34 16 5 6 1 1
1423944905 169 57 104 43 50 30 34 16 5 6 1 1
1423987624 170 57 104 43 50 30 34 16 5 6 1 1
1423995208 171 57 104 43 50 30 34 16 5 6 1 1
1423995287 172 57 104 43 50 30 34 16 5 6 1 1
1424093274 173 57 104 43 50 30 34 16 5 6 1 1
1424111458 173 57 104 43 50 31 34 16 5 6 1 1
1424121000 173 58 104 43 50 31 34 16 5 6 1 1
1424121151 173 59 104 43 50 31 34 16 5 6 1 1
1424121257 173 60 104 43 50 31 34 16 5 6 1 1
1424121340 173 61 104 43 50 31 34 16 5 6 1 1
1424121452 173 62 104 43 50 31 34 16 5 6 1 1
1424121541 173 63 104 43 50 31 34 16 5 6 1 1
1424188307 173 64 104 43 50 31 34 16 5 6 1 1
1424188399 173 65 104 43 50 31 34 16 5 6 1 1
1424188590 173 66 104 43 50 31 34 16 5 6 1 1
1424291521 173 66 104 43 50 32 34 16 5 6 1 1
1424426716 173 66 104 43 51 32 34 16 5 6 1 1
1424521511 173 66 104 43 51 32 34 16 6 6 1 1
1424522268 173 66 104 43 51 32 34 16 7 6 1 1
1424810372 174 66 104 43 51 32 34 16 7 6 1 1
1424953672 174 66 104 43 52 32 34 16 7 6 1 1
1424954225 174 66 104 43 53 32 34 16 7 6 1 1
1425046797 174 66 104 44 53 32 34 16 7 6 1 1
1425047115 174 66 104 45 53 32 34 16 7 6 1 1
1425062681 174 66 104 46 53 32 34 16 7 6 1 1
1425064089 175 66 104 46 53 32 34 16 7 6 1 1
1425065279 176 66 104 46 53 32 34 16 7 6 1 1
1425065293 177 66 104 46 53 32 34 16 7 6 1 1
1425073188 178 66 104 46 53 32 34 16 7 6 1 1
1425121157 178 66 104 46 53 32 34 16 8 6 1 1
1425121992 178 66 104 46 53 32 34 16 9 6 1 1
1425125102 179 66 104 46 53 32 34 16 10 6 1 1
1425127944 179 66 104 47 53 32 34 16 10 6 1 1
1425128028 179 66 104 48 53 32 34 16 10 6 1 1
1425137415 180 66 104 48 53 32 34 16 10 6 1 1
1425139069 181 66 104 48 53 32 34 16 10 6 1 1
1425149096 181 66 104 49 53 32 34 16 10 6 1 1
1425154101 182 66 104 49 53 32 34 16 10 6 1 1
1425210443 183 66 104 49 53 32 34 16 10 6 1 1
1425246767 184 66 104 49 53 32 34 16 10 6 1 1
1425247113 185 66 104 49 53 32 34 16 10 6 1 1
1425247744 186 66 104 49 53 32 34 16 10 6 1 1
1425328089 187 66 104 49 53 32 34 16 10 6 1 1
1425330052 188 66 104 49 53 32 34 16 10 6 1 1
1425330287 189 66 104 49 53 32 34 16 10 6 1 1
1425404376 190 66 104 49 53 32 34 16 10 6 1 1
1425408383 191 66 104 49 53 32 34 16 10 6 1 1
1425412393 192 66 104 49 53 32 34 16 10 6 1 1
1425594228 192 67 104 49 53 32 34 16 10 6 1 1
1425595361 192 68 104 49 53 32 34 16 10 6 1 1
1425595432 192 69 104 49 53 32 34 16 10 6 1 1
1425595522 192 70 104 49 53 32 34 16 10 6 1 1
1425595665 192 71 104 49 53 32 34 16 10 6 1 1
1425595774 192 72 104 49 53 32 34 16 10 6 1 1
1425595879 192 73 104 49 53 32 34 16 10 6 1 1
1425595975 192 74 104 49 53 32 34 16 10 6 1 1
1425666854 193 74 104 49 53 32 34 16 10 6 1 1
1425669245 194 74 104 49 53 32 34 16 10 6 1 1
1425670645 195 74 104 49 53 32 34 16 10 6 1 1
1425670849 196 74 104 49 53 32 34 16 10 6 1 1
1425677385 197 74 104 49 53 32 34 16 10 6 1 1
1425678391 197 74 104 49 53 33 34 16 10 6 1 1
1425728353 198 74 104 49 53 33 34 16 10 6 1 1
1425741905 199 74 104 49 53 33 34 16 10 6 1 1
1425749022 200 74 104 49 53 33 34 16 10 6 1 1
1425754931 201 74 104 49 53 33 34 16 10 6 1 1
1425754967 202 74 104 49 53 33 34 16 10 6 1 1
1425754981 203 74 104 49 53 33 34 16 10 6 1 1
1425758896 204 74 104 49 53 33 34 16 10 6 1 1
1425759654 205 74 104 49 53 33 34 16 10 6 1 1
1425760306 206 74 104 49 53 33 34 16 10 6 1 1
1425761671 207 74 104 49 53 33 34 16 10 6 1 1
1425767199 208 74 104 49 53 33 34 16 10 6 1 1
1425768815 209 74 104 49 53 33 34 16 10 6 1 1
1425771520 210 74 104 49 53 33 34 16 10 6 1 1
1425774861 210 75 104 49 53 33 34 16 10 6 1 1
1425774995 210 76 104 49 53 33 34 16 10 6 1 1
1425775196 210 77 104 49 53 33 34 16 10 6 1 1
1425775429 210 78 104 49 53 33 34 16 10 6 1 1
1425775525 210 79 104 49 53 33 34 16 10 6 1 1
1425775616 210 80 104 49 53 33 34 16 10 6 1 1
1425802105 211 80 104 49 53 33 34 16 10 6 1 1
1425802123 212 80 104 49 53 33 34 16 10 6 1 1
1425805148 213 80 104 49 53 33 34 16 10 6 1 1
1425805832 213 81 104 49 53 33 34 16 10 6 1 1
1425812830 214 81 104 49 53 33 34 16 10 6 1 1
1425812857 215 81 104 49 53 33 34 16 10 6 1 1
1425813251 215 82 104 49 53 33 34 16 10 6 1 1
1425817261 215 82 104 49 53 34 34 16 10 6 1 1
1425817428 216 82 104 49 53 34 34 16 10 6 1 1
1425819963 217 82 104 49 53 34 34 16 10 6 1 1
1425819976 218 82 104 49 53 34 34 16 10 6 1 1
1425825077 219 82 104 49 53 34 34 16 10 6 1 1
1425825816 220 82 104 49 53 34 34 16 10 6 1 1
1425893358 221 82 104 49 53 34 34 16 10 6 1 1
1425899519 222 82 104 49 53 34 34 16 10 6 1 1
1425901297 222 82 104 49 53 34 34 16 11 6 1 1
1425901601 222 82 104 49 53 34 34 16 12 6 1 1
1425904111 222 82 104 49 53 34 34 16 13 6 1 1
1425905234 222 82 104 49 53 34 34 16 14 6 1 1
1425920525 222 83 104 49 53 34 34 16 14 6 1 1
1425920606 222 84 104 49 53 34 34 16 14 6 1 1
1425920904 222 85 104 49 53 34 34 16 14 6 1 1
1425921241 222 86 104 49 53 34 34 16 14 6 1 1
1425921434 222 87 104 49 53 34 34 16 14 6 1 1
1425921563 222 88 104 49 53 34 34 16 14 6 1 1
1425921673 222 89 104 49 53 34 34 16 14 6 1 1
1425922208 223 89 104 49 53 34 34 16 14 6 1 1
1425923123 224 89 104 49 53 34 34 16 14 6 1 1
1425924110 225 89 104 49 53 34 34 16 14 6 1 1
1425927311 225 89 104 50 53 34 34 16 14 6 1 1
1425927547 226 89 104 50 53 34 34 16 14 6 1 1
1425928311 227 89 104 50 53 34 34 16 14 6 1 1
1425928844 228 89 104 50 53 34 34 16 14 6 1 1
1425930619 229 89 104 50 53 34 34 16 14 6 1 1
1425931909 230 89 104 50 53 34 34 16 14 6 1 1
1425935044 231 89 104 50 53 34 34 16 14 6 1 1
1425936435 232 89 104 50 53 34 34 16 14 6 1 1
1425936453 233 89 104 50 53 34 34 16 14 6 1 1
1425939324 234 89 104 50 53 34 34 16 14 6 1 1
1425980205 235 89 104 50 53 34 34 16 14 6 1 1
1425982496 236 89 104 50 53 34 34 16 14 6 1 1
1425983539 237 89 104 50 53 34 34 16 14 6 1 1
1425983949 238 89 104 50 53 34 34 16 14 6 1 1
1426003354 239 89 104 50 53 34 34 16 14 6 1 1
1426014230 240 89 104 50 53 34 34 16 14 6 1 1
1426016405 241 89 104 50 53 34 34 16 14 6 1 1
1426016484 242 89 104 50 53 34 34 16 14 6 1 1
1426017832 243 89 104 50 53 34 34 16 14 6 1 1
1426022131 244 89 104 50 53 34 34 16 14 6 1 1
1426028568 244 90 104 50 53 34 34 16 14 6 1 1
1426028668 244 91 104 50 53 34 34 16 14 6 1 1
1426028819 244 92 104 50 53 34 34 16 14 6 1 1
1426029141 244 93 104 50 53 34 34 16 14 6 1 1
1426029195 244 94 104 50 53 34 34 16 14 6 1 1
1426077470 244 95 104 50 53 34 34 16 14 6 1 1
1426077536 244 96 104 50 53 34 34 16 14 6 1 1
1426077652 244 97 104 50 53 34 34 16 14 6 1 1
1426077726 244 98 104 50 53 34 34 16 14 6 1 1
1426077801 244 99 104 50 53 34 34 16 14 6 1 1
1426077857 244 100 104 50 53 34 34 16 14 6 1 1
1426078503 244 101 104 50 53 34 34 16 14 6 1 1
1426189697 244 102 104 50 53 34 34 16 14 6 1 1
1426189757 244 103 104 50 53 34 34 16 14 6 1 1
1426235901 244 104 104 50 53 34 34 16 14 6 1 1
1426428827 245 104 104 50 53 34 34 16 14 6 1 1
1426428882 246 104 104 50 53 34 34 16 14 6 1 1
1426430320 247 104 104 50 53 34 34 16 14 6 1 1
1426432174 248 104 104 50 53 34 34 16 14 6 1 1
1426433362 249 104 104 50 53 34 34 16 14 6 1 1
1426433876 250 104 104 50 53 34 34 16 14 6 1 1
1426435180 251 104 104 50 53 34 34 16 14 6 1 1
1426438408 252 104 104 50 53 34 34 16 14 6 1 1
1426439323 253 104 104 50 53 34 34 16 14 6 1 1
1426442504 254 104 104 50 53 34 34 16 14 6 1 1
1426452607 255 104 104 50 53 34 34 16 14 6 1 1
1426452624 256 104 104 50 53 34 34 16 14 6 1 1
1426531708 256 104 104 50 53 35 34 16 14 6 1 1
1426533134 257 104 104 50 53 35 34 16 14 6 1 1
1426534920 258 104 104 50 53 35 34 16 14 6 1 1
1426538902 258 104 104 50 53 36 34 16 14 6 1 1
1426544914 259 104 104 50 53 36 34 16 14 6 1 1
1426545384 260 104 104 50 53 36 34 16 14 6 1 1
1426596804 260 105 104 50 53 36 34 16 14 6 1 1
1426596913 260 106 104 50 53 36 34 16 14 6 1 1
1426597043 260 107 104 50 53 36 34 16 14 6 1 1
1426683499 260 108 104 50 53 36 34 16 14 6 1 1
1426683552 260 109 104 50 53 36 34 16 14 6 1 1
1426683671 260 110 104 50 53 36 34 16 14 6 1 1
1426706299 261 110 104 50 53 36 34 16 14 6 1 1
1426710257 262 110 104 50 53 36 34 16 14 6 1 1
1426710960 263 110 104 50 53 36 34 16 14 6 1 1
1426713820 264 110 104 50 53 36 34 16 14 6 1 1
1426716113 265 110 104 50 53 36 34 16 14 6 1 1
1426716173 266 110 104 50 53 36 34 16 14 6 1 1
1426804623 267 110 104 50 53 36 34 16 14 6 1 1
1426879537 267 110 104 50 53 37 34 16 14 6 1 1
1426943399 268 110 104 50 53 37 34 16 14 6 1 1
1426952081 269 110 104 50 53 37 34 16 14 6 1 1
1426952146 270 110 104 50 53 37 34 16 14 6 1 1
1426952959 271 110 104 50 53 37 34 16 14 6 1 1
1426965167 272 110 104 50 53 37 34 16 14 6 1 1
1426966844 273 110 104 50 53 37 34 16 14 6 1 1
1426966928 274 110 104 50 53 37 34 16 14 6 1 1
1426966937 275 110 104 50 53 37 34 16 14 6 1 1
1426967005 276 110 104 50 53 37 34 16 14 6 1 1
1426967032 277 110 104 50 53 37 34 16 14 6 1 1
1426967063 278 110 104 50 53 37 34 16 14 6 1 1
1427034077 279 110 104 50 53 37 34 16 14 6 1 1
1427038028 280 110 104 50 53 37 34 16 14 6 1 1
1427038303 281 110 104 50 53 37 34 16 14 6 1 1
1427038459 282 110 104 50 53 37 34 16 14 6 1 1
1427040378 283 110 104 50 53 37 34 16 14 6 1 1
1427041144 284 110 104 50 53 37 34 16 14 6 1 1
1427042794 285 110 104 50 53 37 34 16 14 6 1 1
1427059165 286 110 104 50 53 37 34 16 14 6 1 1
1427105976 287 110 104 50 53 37 34 16 14 6 1 1
1427106083 287 110 104 51 53 37 34 16 14 6 1 1
1427106489 287 110 104 52 53 37 34 16 14 6 1 1
1427107244 288 110 104 52 53 37 34 16 14 6 1 1
1427107270 289 110 104 52 53 37 34 16 14 6 1 1
1427136961 290 110 104 52 53 37 34 16 14 6 1 1
1427143421 291 110 104 52 53 37 34 16 14 6 1 1
1427144020 292 110 104 52 53 37 34 16 14 6 1 1
1427182150 292 111 104 52 53 37 34 16 14 6 1 1
1427192849 292 112 104 52 53 37 34 16 14 6 1 1
1427272634 293 112 104 52 53 37 34 16 14 6 1 1
1427272646 294 112 104 52 53 37 34 16 14 6 1 1
1427315775 295 112 104 52 53 37 34 16 14 6 1 1
1427316649 296 112 104 52 53 37 34 16 14 6 1 1
1427318343 297 112 104 52 53 37 34 16 14 6 1 1
1427321909 298 112 104 52 53 37 34 16 14 6 1 1
1427322192 299 112 104 52 53 37 34 16 14 6 1 1
1427324749 300 112 104 52 53 37 34 16 14 6 1 1
1427324885 301 112 104 52 53 37 34 16 14 6 1 1
1427374438 301 113 104 52 53 37 34 16 14 6 1 1
1427405042 302 113 104 52 53 37 34 16 14 6 1 1
1427405074 303 113 104 52 53 37 34 16 14 6 1 1
1427405263 304 113 104 52 53 37 34 16 14 6 1 1
1427405492 305 113 104 52 53 37 34 16 14 6 1 1
1427405548 306 113 104 52 53 37 34 16 14 6 1 1
1427405562 307 113 104 52 53 37 34 16 14 6 1 1
1427465787 307 113 104 53 53 37 34 16 14 6 1 1
1427483200 308 113 104 53 53 37 34 16 14 6 1 1
1427483391 309 113 104 53 53 37 34 16 14 6 1 1
1427487743 310 113 104 53 53 37 34 16 14 6 1 1
1427491088 311 113 104 53 53 37 34 16 14 6 1 1
1427494335 312 113 104 53 53 37 34 16 14 6 1 1
1427494401 313 113 104 53 53 37 34 16 14 6 1 1
1427494732 314 113 104 53 53 37 34 16 14 6 1 1
1427497149 315 113 104 53 53 37 34 16 14 6 1 1
1427569588 315 113 104 54 53 37 34 16 14 6 1 1
1427576083 315 113 104 55 53 37 34 16 14 6 1 1
1427576828 315 113 104 56 53 37 34 16 14 6 1 1
1427632865 315 113 104 57 53 37 34 16 14 6 1 1
1427632915 315 113 104 58 53 37 34 16 14 6 1 1
1427639213 316 113 104 58 53 37 34 16 14 6 1 1
1427642887 317 113 104 58 53 37 34 16 14 6 1 1
1427645574 318 113 104 58 53 37 34 16 14 6 1 1
1427646663 318 113 104 59 53 37 34 16 14 6 1 1
1427646698 318 113 104 60 53 37 34 16 14 6 1 1
1427647037 319 113 104 60 53 37 34 16 14 6 1 1
1427647474 319 114 104 60 53 37 34 16 14 6 1 1
1427648571 319 114 105 60 53 37 34 16 14 6 1 1
1427649329 320 114 105 60 53 37 34 16 14 6 1 1
1427649338 321 114 105 60 53 37 34 16 14 6 1 1
1427652251 322 114 105 60 53 37 34 16 14 6 1 1
1427663107 322 114 106 60 53 37 34 16 14 6 1 1
1427707086 322 114 106 61 53 37 34 16 14 6 1 1
1427707239 322 114 106 62 53 37 34 16 14 6 1 1
1427731261 322 115 106 62 53 37 34 16 14 6 1 1
1427798258 322 116 106 62 53 37 34 16 14 6 1 1
1427824885 323 116 106 62 53 37 34 16 14 6 1 1
1427827844 323 116 106 62 53 38 34 16 14 6 1 1
1427923462 323 117 106 62 53 38 34 16 14 6 1 1
1427948048 323 117 107 62 53 38 34 16 14 6 1 1
1427948514 323 117 108 62 53 38 34 16 14 6 1 1
1427956175 324 117 108 62 53 38 34 16 14 6 1 1
1427956933 325 117 108 62 53 38 34 16 14 6 1 1
1427964760 325 118 108 62 53 38 34 16 14 6 1 1
1427994085 326 118 108 62 53 38 34 16 14 6 1 1
1428001469 327 118 108 62 53 38 34 16 14 6 1 1
1428001483 328 118 108 62 53 38 34 16 14 6 1 1
1428003572 329 118 108 62 53 38 34 16 14 6 1 1
1428004423 330 118 108 62 53 38 34 16 14 6 1 1
1428005420 331 118 108 62 53 38 34 16 14 6 1 1
1428039102 332 118 108 62 53 38 34 16 14 6 1 1
1428085175 332 118 108 62 53 39 34 16 14 6 1 1
1428137467 333 118 108 62 53 39 34 16 14 6 1 1
1428137485 334 118 108 62 53 39 34 16 14 6 1 1
1428138554 335 118 108 62 53 39 34 16 14 6 1 1
1428142659 335 118 109 62 53 39 34 16 14 6 1 1
1428145629 336 118 109 62 53 39 34 16 14 6 1 1
1428145636 337 118 109 62 53 39 34 16 14 6 1 1
1428159056 338 118 109 62 53 39 34 16 14 6 1 1
1428165574 339 118 109 62 53 39 34 16 14 6 1 1
1428167523 339 118 109 62 53 40 34 16 14 6 1 1
1428171624 340 118 109 62 53 40 34 16 14 6 1 1
1428171783 341 118 109 62 53 40 34 16 14 6 1 1
1428171918 342 118 109 62 53 40 34 16 14 6 1 1
1428178257 343 118 109 62 53 40 34 16 14 6 1 1
1428179103 343 119 109 62 53 40 34 16 14 6 1 1
1428179349 343 120 109 62 53 40 34 16 14 6 1 1
1428179651 343 121 109 62 53 40 34 16 14 6 1 1
1428179681 343 122 109 62 53 40 34 16 14 6 1 1
1428179711 343 123 109 62 53 40 34 16 14 6 1 1
1428180368 343 124 109 62 53 40 34 16 14 6 1 1
1428180902 343 125 109 62 53 40 34 16 14 6 1 1
1428183928 344 125 109 62 53 40 34 16 14 6 1 1
1428183936 345 125 109 62 53 40 34 16 14 6 1 1
1428185886 346 125 109 62 53 40 34 16 14 6 1 1
1428187958 347 125 109 62 53 40 34 16 14 6 1 1
1428224155 348 125 109 62 53 40 34 16 14 6 1 1
1428224578 349 125 109 62 53 40 34 16 14 6 1 1
1428227013 350 125 109 62 53 40 34 16 14 6 1 1
1428227870 351 125 109 62 53 40 34 16 14 6 1 1
1428235411 352 125 109 62 53 40 34 16 14 6 1 1
1428253893 353 125 109 62 53 40 34 16 14 6 1 1
1428345065 354 125 109 62 53 40 34 16 14 6 1 1
1428353609 355 125 109 62 53 40 34 16 14 6 1 1
1428355191 356 125 109 62 53 40 34 16 14 6 1 1
1428426211 357 125 109 62 53 40 34 16 14 6 1 1
1428428100 358 125 109 62 53 40 34 16 14 6 1 1
1428434296 358 125 109 62 53 41 34 16 14 6 1 1
1428436659 359 125 109 62 53 41 34 16 14 6 1 1
1428436807 360 125 109 62 53 41 34 16 14 6 1 1
1428438092 361 125 109 62 53 41 34 16 14 6 1 1
1428439182 362 125 109 62 53 41 34 16 14 6 1 1
1428459282 362 125 110 62 53 41 34 16 14 6 1 1
1428606775 363 125 110 62 53 41 34 16 14 6 1 1
1428606797 364 125 110 62 53 41 34 16 14 6 1 1
1428861346 365 125 110 62 53 41 34 16 14 6 1 1
1428864430 366 125 110 62 53 41 34 16 14 6 1 1
1428868713 367 125 110 62 53 41 34 16 14 6 1 1
