1416638885 0 0 1 0 0 0 0 0 0 0 0 0
1416657063 0 0 2 0 0 0 0 0 0 0 0 0
1416657119 0 0 14 0 0 0 0 0 0 0 0 0
1416663703 0 0 326 0 0 0 0 0 0 0 0 0
1416728283 0 0 406 0 0 0 0 0 0 0 0 0
1416728329 0 0 438 0 0 0 0 0 0 0 0 0
1416728426 0 0 861 0 0 0 0 0 0 0 0 0
1416748856 0 0 893 0 0 0 0 0 0 0 0 0
1416748888 0 0 900 0 0 0 0 0 0 0 0 0
1416748938 0 0 954 0 0 0 0 0 0 0 0 0
1416749010 0 0 969 0 0 0 0 0 0 0 0 0
1416749070 0 0 1061 0 0 0 0 0 0 0 0 0
1416752314 0 0 1213 0 0 0 0 0 0 0 0 0
1416753307 0 0 1252 0 0 0 0 0 0 0 0 0
1416757408 0 0 1502 0 0 0 0 0 0 0 0 0
1416757502 0 0 1503 0 0 0 0 0 0 0 0 0
1416820295 0 0 1508 0 0 0 0 0 0 0 0 0
1416820849 0 0 1508 0 1 0 0 0 0 0 0 0
1416824172 0 0 1508 0 57 0 0 1 0 0 0 0
1416826860 0 0 1509 0 57 0 0 1 0 0 0 0
1416827249 0 0 1511 0 57 0 0 1 0 0 0 0
1416855362 0 0 1512 0 57 0 0 1 0 0 0 0
1416855418 0 0 1512 2 57 0 0 1 0 0 0 0
1416856913 0 0 1512 2 57 0 0 1 0 0 0 0
1416857556 0 0 2240 2 57 0 0 1 0 0 0 0
1416857972 0 1 2240 2 57 0 0 1 0 0 0 0
1416861759 0 1 2240 2 57 0 0 1 0 0 0 0
1416861940 0 1 2240 2 57 0 0 1 0 0 0 0
1416862106 0 1 2241 2 57 0 0 1 0 0 0 0
1416862163 0 1 2241 2 57 0 0 1 0 0 0 0
1416862360 0 1 2246 2 57 0 0 1 0 0 0 0
1416862475 0 1 2249 2 57 0 0 1 0 0 0 0
1416862533 0 1 2252 2 57 0 0 1 0 0 0 0
1416863642 0 1 2258 2 57 0 0 1 0 0 0 0
1416907464 0 1 2259 2 57 0 0 1 0 0 0 0
1416913059 0 1 2259 2 57 0 0 1 0 0 0 2
1416938182 0 1 2259 4 57 0 0 1 0 0 0 2
1416938233 0 1 2259 6 57 0 0 1 0 0 0 2
1416938803 0 1 2259 6 57 0 0 1 0 0 0 2
1416938849 0 1 2259 7 57 0 0 1 0 0 0 2
1417196557 0 1 2259 7 57 0 0 1 0 0 0 2
1417307042 0 1 2262 7 57 0 0 1 0 0 0 2
1417311375 0 1 2262 7 57 0 0 1 0 0 0 2
1417339113 116396 1 2262 7 57 0 0 1 0 0 0 2
1417340814 116396 1 2262 7 57 0 0 1 0 0 0 2
1417362804 116644 1 2262 7 57 0 0 1 0 0 0 2
1417418419 116644 1 2262 7 567 0 0 1 0 0 0 2
1417429971 116644 1 2262 7 1423 0 0 1 0 0 0 2
1417431687 116644 1 2262 7 1448 0 0 1 0 0 0 2
1417433389 116644 1 2262 7 1504 0 0 1 0 0 0 2
1417495589 116644 1 2262 7 117817 0 0 1 0 0 0 2
1417506177 116644 1 2262 7 117973 0 0 1 0 0 0 2
1417814144 116644 349 2262 7 117973 0 0 1 0 0 0 2
1417815746 116644 370 2262 7 117973 0 0 1 0 0 0 2
1417816583 116644 372 2262 7 117973 0 0 1 0 0 0 2
1417862430 116644 372 2262 7 117973 0 0 114064 0 0 0 2
1417865430 116644 372 2262 7 117973 0 0 114072 0 0 0 2
1417899254 116644 372 2262 7 117973 0 0 114075 0 0 0 2
1418110648 116644 372 2262 7 117973 0 0 114075 0 0 0 2
1418110787 116644 386 2262 7 117973 0 0 114075 0 0 0 2
1418110887 116644 393 2262 7 117973 0 0 114075 0 0 0 2
1418110926 116644 397 2262 7 117973 0 0 114075 0 0 0 2
1418111110 116644 402 2262 7 117973 0 0 114075 0 0 0 2
1418111316 116644 405 2262 7 117973 0 0 114075 0 0 0 2
1418111555 116644 408 2262 7 117973 0 0 114075 0 0 0 2
1418111751 116644 451 2262 7 117973 0 0 114075 0 0 0 2
1418111851 116644 462 2262 7 117973 0 0 114075 0 0 0 2
1418112013 116644 471 2262 7 117973 0 0 114075 0 0 0 2
1418112120 116644 497 2262 7 117973 0 0 114075 0 0 0 2
1418126645 116644 497 2262 7 118496 0 0 114075 0 0 0 2
1418127400 116644 497 2262 7 118496 0 0 114075 0 0 0 2
1418128546 116644 497 2262 7 118498 0 0 114075 0 0 0 2
1418137787 116644 497 2266 7 118498 0 0 114075 0 0 0 2
1418138028 116692 497 2266 7 118498 0 0 114075 0 0 0 2
1418138133 116692 497 2271 7 118498 0 0 114075 0 0 0 2
1418138786 116752 497 2271 7 118498 0 0 114075 0 0 0 2
1418139054 116753 497 2271 7 118498 0 0 114075 0 0 0 2
1418139318 116753 497 2290 7 118498 0 0 114075 0 0 0 2
1418140127 116762 497 2290 7 118498 0 0 114075 0 0 0 2
1418142702 116762 497 2293 7 118498 0 0 114075 0 0 0 2
1418142831 116762 497 2293 7 118498 0 0 114075 0 0 0 2
1418147220 116813 497 2293 7 118498 0 0 114075 0 0 0 2
1418155544 116813 497 2293 7 118498 0 0 114075 0 0 0 2
1418156863 116813 497 2330 7 118498 0 0 114075 0 0 0 2
1418158523 116813 497 2335 7 118498 0 0 114075 0 0 0 2
1418158579 116813 497 2336 7 118498 0 0 114075 0 0 0 2
1418159395 120541 497 2336 7 118498 0 0 114075 0 0 0 2
1418161299 120541 497 2336 7 118498 0 0 114075 0 0 0 2
1418204747 121771 497 2336 7 118498 0 0 114075 0 0 0 2
1418206259 121781 497 2336 7 118498 0 0 114075 0 0 0 2
1418210928 122087 497 2336 7 118498 0 0 114075 0 0 0 2
1418212217 122132 497 2336 7 118498 0 0 114075 0 0 0 2
1418212600 122138 497 2336 7 118498 0 0 114075 0 0 0 2
1418216135 124097 497 2336 7 118498 0 0 114075 0 0 0 2
1418227707 124186 497 2336 7 118498 0 0 114075 0 0 0 2
1418230497 124782 497 2336 7 118498 0 0 114075 0 0 0 2
1418232641 124815 497 2336 7 118498 0 0 114075 0 0 0 2
1418235245 124853 497 2336 7 118498 0 0 114075 0 0 0 2
1418236724 124859 497 2336 7 118498 0 0 114075 0 0 0 2
1418250952 124859 497 2337 7 118498 0 0 114075 0 0 0 2
1418251078 124859 497 2337 7 118498 0 0 114075 0 0 0 2
1418283773 124861 497 2337 7 118498 0 0 114075 0 0 0 2
1418283990 124862 497 2337 7 118498 0 0 114075 0 0 0 2
1418284424 124870 497 2337 7 118498 0 0 114075 0 0 0 2
1418284634 124870 497 2337 7 118498 0 0 114075 0 0 0 2
1418301387 124870 519 2337 7 118498 0 0 114075 0 0 0 2
1418301501 124870 528 2337 7 118498 0 0 114075 0 0 0 2
1418301720 124870 529 2337 7 118498 0 0 114075 0 0 0 2
1418301785 124870 541 2337 7 118498 0 0 114075 0 0 0 2
1418302551 124870 542 2337 7 118498 0 0 114075 0 0 0 2
1418408334 124924 542 2337 7 118498 0 0 114075 0 0 0 2
1418408530 124928 542 2337 7 118498 0 0 114075 0 0 0 2
1418767982 124928 542 2337 7 118498 0 0 114075 0 0 0 2
1418768440 124928 542 2342 7 118498 0 0 114075 0 0 0 2
1418768711 124928 542 2342 7 118498 0 0 114075 0 0 0 2
1418768906 124928 542 2342 7 118498 0 0 114075 0 0 0 2
1418769657 124928 542 2364 7 118498 0 0 114075 0 0 0 2
1418770871 124928 542 2403 7 118498 0 0 114075 0 0 0 2
1418775705 124928 542 2411 7 118498 0 0 114075 0 0 0 2
1418906174 124928 542 2451 7 118498 0 0 114075 0 0 0 2
1418907239 124928 542 2455 7 118498 0 0 114075 0 0 0 2
1418908328 124928 542 2455 7 118498 0 0 114075 0 0 0 2
1419081813 124928 542 2468 7 118498 0 0 114075 0 0 0 2
1419115309 124928 542 2537 7 118498 0 0 114075 0 0 0 2
1419115379 124928 542 2537 7 118498 0 0 114075 0 0 0 2
1419115416 124928 542 2537 7 118498 0 0 114075 0 0 0 2
1419117493 124928 542 2537 7 118498 0 0 114098 0 0 0 2
1419146481 124928 542 2537 7 118498 0 0 114100 0 0 0 2
1419152310 124928 542 2537 7 118498 0 0 114193 0 0 0 2
1419156781 124928 542 2564 7 118498 0 0 114193 0 0 0 2
1419306035 124928 542 2619 7 118498 0 0 114193 0 0 0 2
1419326388 124928 542 2619 7 118498 0 0 114193 0 0 0 2
1419326403 124942 542 2619 7 118498 0 0 114193 0 0 0 2
1419348488 124942 588 2619 7 118498 0 0 114193 0 0 0 2
1419348653 124942 605 2619 7 118498 0 0 114193 0 0 0 2
1419348783 124942 606 2619 7 118498 0 0 114193 0 0 0 2
1419349050 124942 608 2619 7 118498 0 0 114193 0 0 0 2
1419349099 124942 629 2619 7 118498 0 0 114193 0 0 0 2
1419349362 124942 630 2619 7 118498 0 0 114193 0 0 0 2
1419349406 124942 631 2619 7 118498 0 0 114193 0 0 0 2
1419349437 124942 635 2619 7 118498 0 0 114193 0 0 0 2
1419364475 124942 635 2619 7 118498 0 0 114235 0 0 0 2
1419364970 124942 635 2619 7 118498 0 0 114236 0 0 0 2
1419368391 124942 635 2619 7 118498 0 0 114263 0 0 0 2
1419450155 124942 635 2619 7 118498 0 0 114263 0 0 0 2
1419450935 124942 635 2619 7 118498 0 0 114273 0 0 0 2
1419454879 124942 635 2619 7 118498 0 0 114302 0 0 0 2
1419455156 124942 635 2619 7 118498 0 0 114303 0 0 0 2
1419469769 124942 635 2621 7 118498 0 0 114303 0 0 0 2
1419478184 124942 635 2768 7 118498 0 0 114303 0 0 0 2
1419499127 124942 635 2768 7 118498 0 0 114344 0 0 0 2
1419508143 124942 635 2768 7 118519 0 0 114344 0 0 0 2
1419516379 124942 645 2768 7 118519 0 0 114344 0 0 0 2
1419516453 124942 683 2768 7 118519 0 0 114344 0 0 0 2
1419522201 124942 683 2770 7 118519 0 0 114344 0 0 0 2
1419535973 124942 683 2770 7 118519 0 0 114369 0 0 0 2
1419635606 124942 683 2830 7 118519 0 0 114369 0 0 0 2
1419675268 124943 683 2830 7 118519 0 0 114369 0 0 0 2
1419675311 125322 683 2830 7 118519 0 0 114369 0 0 0 2
1419676921 125346 683 2830 7 118519 0 0 114369 0 0 0 2
1419677885 125348 683 2830 7 118519 0 0 114369 0 0 0 2
1419678349 125362 683 2830 7 118519 0 0 114369 0 0 0 2
1419678801 125363 683 2830 7 118519 0 0 114369 0 0 0 2
1419958970 125363 683 2830 210 118519 0 0 114369 0 0 0 2
1419971565 125363 683 2833 210 118519 0 0 114369 0 0 0 2
1419971615 125363 683 2834 210 118519 0 0 114369 0 0 0 2
1419972033 125363 683 2842 210 118519 0 0 114369 0 0 0 2
1420188614 125412 683 2842 210 118519 0 0 114369 0 0 0 2
1420189074 125424 683 2842 210 118519 0 0 114369 0 0 0 2
1420194174 125470 683 2842 210 118519 0 0 114369 0 0 0 2
1420195294 125478 683 2842 210 118519 0 0 114369 0 0 0 2
1420355233 125496 683 2842 210 118519 0 0 114369 0 0 0 2
1420834311 125496 683 2868 210 118519 0 0 114369 0 0 0 2
1420835321 125496 683 2875 210 118519 0 0 114369 0 0 0 2
1420836192 125507 683 2875 210 118519 0 0 114369 0 0 0 2
1420836836 125511 683 2875 210 118519 0 0 114369 0 0 0 2
1420888474 126214 683 2875 210 118519 0 0 114369 0 0 0 2
1420895214 126455 683 2875 210 118519 0 0 114369 0 0 0 2
1420896513 126455 683 2876 210 118519 0 0 114369 0 0 0 2
1420896651 126477 683 2876 210 118519 0 0 114369 0 0 0 2
1420896686 126477 683 2876 210 118519 0 0 114369 0 0 0 2
1420898566 126477 683 2903 210 118519 0 0 114369 0 0 0 2
1420904972 126501 683 2903 210 118519 0 0 114369 0 0 0 2
1420912177 126777 683 2903 210 118519 0 0 114369 0 0 0 2
1420916585 126847 683 2903 210 118519 0 0 114369 0 0 0 2
1420917529 126878 683 2903 210 118519 0 0 114369 0 0 0 2
1420919318 126910 683 2903 210 118519 0 0 114369 0 0 0 2
1420919439 126910 683 2903 210 118519 0 0 114369 0 0 0 2
1420919551 126912 683 2903 210 118519 0 0 114369 0 0 0 2
1420925783 127004 683 2903 210 118519 0 0 114369 0 0 0 2
1420929535 127262 683 2903 210 118519 0 0 114369 0 0 0 2
1420942212 127262 683 2910 210 118519 0 0 114369 0 0 0 2
1420947947 127262 683 2913 210 118519 0 0 114369 0 0 0 2
1420960544 127262 683 2932 210 118519 0 0 114369 0 0 0 2
1420960699 127262 683 2944 210 118519 0 0 114369 0 0 0 2
1420973871 127324 683 2944 210 118519 0 0 114369 0 0 0 2
1420974397 127327 683 2944 210 118519 0 0 114369 0 0 0 2
1421054825 169002 683 2944 210 118519 0 0 114369 0 0 0 2
1421057314 169044 683 2944 210 118519 0 0 114369 0 0 0 2
1421062297 169080 683 2944 210 118519 0 0 114369 0 0 0 2
1421062768 169086 683 2944 210 118519 0 0 114369 0 0 0 2
1421064265 169088 683 2944 210 118519 0 0 114369 0 0 0 2
1421068806 169088 683 2955 210 118519 0 0 114369 0 0 0 2
1421069620 169088 683 2955 210 118519 0 1 114369 0 0 0 2
1421079536 169088 683 2955 210 118519 0 1 114369 0 0 0 2
1421079626 169090 683 2955 210 118519 0 1 114369 0 0 0 2
1421083972 169090 683 2955 253 118519 0 1 114369 0 0 0 2
1421087043 169090 683 2955 266 118519 0 1 114369 0 0 0 2
1421091480 169090 683 2955 266 118519 2 1 114369 0 0 0 2
1421096862 169090 683 2955 266 118519 2 1 114369 0 0 2 2
1421164909 169090 683 2955 308 118519 2 1 114369 0 0 2 2
1421165263 169090 683 2955 312 118519 2 1 114369 0 0 2 2
1421178353 169105 683 2955 312 118519 2 1 114369 0 0 2 2
1421178373 169105 683 2955 312 118519 2 1 114369 0 0 2 2
1421186016 169105 683 2955 312 118519 2 1 114369 0 2 2 2
1421186245 169105 683 2955 312 118519 2 1 114369 0 4 2 2
1421186318 169105 683 2955 312 118519 2 1 114369 0 5 2 2
1421186430 169105 683 2955 312 118519 2 1 114369 0 7 2 2
1421186515 169105 683 2955 312 118519 2 1 114369 0 8 2 2
1421187286 169105 683 2955 312 118519 2 1 114369 0 9 2 2
1421210186 169105 683 2955 312 118519 2 1 114369 0 9 2 2
1421222705 169105 683 2955 312 118519 2 4 114369 0 9 2 2
1421241199 169146 683 2955 312 118519 2 4 114369 0 9 2 2
1421252638 169146 683 2955 312 120135 2 4 114369 0 9 2 2
1421253677 169146 683 2955 312 120137 2 4 114369 0 9 2 2
1421253766 169146 683 2955 312 120889 2 4 114369 0 9 2 2
1421255010 169146 683 2955 312 120889 2 4 114369 0 9 2 2
1421261336 169146 683 2955 312 120889 20185 4 114369 0 9 2 2
1421262557 169146 683 2955 312 120889 20188 4 114369 0 9 2 2
1421263655 169153 683 2955 312 120889 20188 4 114369 0 9 2 2
1421267235 169153 683 2961 312 120889 20188 4 114369 0 9 2 2
1421270378 169153 683 2970 312 120889 20188 4 114369 0 9 2 2
1421276329 169294 683 2970 312 120889 20188 4 114369 0 9 2 2
1421276405 169294 683 2970 312 120889 20188 4 114369 0 9 2 2
1421299768 169294 683 2970 312 120891 20188 4 114369 0 9 2 2
1421301668 169307 683 2970 312 120891 20188 4 114369 0 9 2 2
1421301717 169307 683 2970 312 120891 20188 4 114369 0 9 2 2
1421312819 169307 683 2970 312 120891 20188 4 114369 0 9 2 2
1421324908 171840 683 2970 312 120891 20188 4 114369 0 9 2 2
1421344665 174379 683 2970 312 120891 20188 4 114369 0 9 2 2
1421353009 174379 683 2970 312 120891 20231 4 114369 0 9 2 2
1421358950 174499 683 2970 312 120891 20231 4 114369 0 9 2 2
1421398394 174561 683 2970 312 120891 20231 4 114369 0 9 2 2
1421406207 174760 683 2970 312 120891 20231 4 114369 0 9 2 2
1421414518 174948 683 2970 312 120891 20231 4 114369 0 9 2 2
1421425278 175234 683 2970 312 120891 20231 4 114369 0 9 2 2
1421428255 175431 683 2970 312 120891 20231 4 114369 0 9 2 2
1421434780 225644 683 2970 312 120891 20231 4 114369 0 9 2 2
1421436723 225644 683 2970 312 120891 20484 4 114369 0 9 2 2
1421443196 226111 683 2970 312 120891 20484 4 114369 0 9 2 2
1421452860 226502 683 2970 312 120891 20484 4 114369 0 9 2 2
1421464042 228003 683 2970 312 120891 20484 4 114369 0 9 2 2
1421525771 228009 683 2970 312 120891 20484 4 114369 0 9 2 2
1421529071 228115 683 2970 312 120891 20484 4 114369 0 9 2 2
1421530888 228115 683 2970 368 120891 20484 4 114369 0 9 2 2
1421531201 228115 683 2970 368 120891 20539 4 114369 0 9 2 2
1421531602 228115 683 2970 374 120891 20539 4 114369 0 9 2 2
1421531949 228115 683 2970 374 120891 20539 4 114369 0 9 2 2
1421535010 228115 683 2970 379 120891 20539 4 114369 0 9 2 2
1421578192 228115 683 2970 379 120891 20560 4 114369 0 9 2 2
1421611849 228115 683 2970 379 120891 20560 114 114369 0 9 2 2
1421613603 228276 683 2970 379 120891 20560 114 114369 0 9 2 2
1421613619 228276 683 2970 379 120891 20560 114 114369 0 9 2 2
1421614245 228289 683 2970 379 120891 20560 114 114369 0 9 2 2
1421630081 228498 683 2970 379 120891 20560 114 114369 0 9 2 2
1421643437 228498 683 2970 379 120891 20560 153 114369 0 9 2 2
1421648894 228498 683 2970 379 120891 20560 189 114369 0 9 2 2
1421649470 228498 683 2970 379 120891 20560 196 114369 0 9 2 2
1421659768 228498 683 2970 379 120891 20560 242 114369 0 9 2 2
1421683099 228498 683 2970 379 120891 20560 333 114369 0 9 2 2
1421683506 228498 683 2970 459 120891 20560 333 114369 0 9 2 2
1421683542 228498 683 2970 459 120891 20560 333 114369 0 9 2 2
1421684993 228498 683 2970 490 120891 20560 333 114369 0 9 2 2
1421685375 235190 683 2970 490 120891 20560 333 114369 0 9 2 2
1421685689 235190 683 2970 543 120891 20560 333 114369 0 9 2 2
1421688748 235203 683 2970 543 120891 20560 333 114369 0 9 2 2
1421688768 235203 683 2970 543 120891 20560 333 114369 0 9 2 2
1421693351 235203 683 2970 543 120891 20595 333 114369 0 9 2 2
1421695260 235242 683 2970 543 120891 20595 333 114369 0 9 2 2
1421695280 235242 683 2970 543 120891 20595 333 114369 0 9 2 2
1421703452 235305 683 2970 543 120891 20595 333 114369 0 9 2 2
1421718309 235305 683 2981 543 120891 20595 333 114369 0 9 2 2
1421719171 235305 683 2988 543 120891 20595 333 114369 0 9 2 2
1421731763 235305 683 2988 543 120891 20595 352 114369 0 9 2 2
1421745404 235305 683 2988 568 120891 20595 352 114369 0 9 2 2
1421752471 235460 683 2988 568 120891 20595 352 114369 0 9 2 2
1421752496 235460 683 2988 568 120891 20595 352 114369 0 9 2 2
1421755875 235460 683 2988 568 120962 20595 352 114369 0 9 2 2
1421756899 235460 683 2988 568 120968 20595 352 114369 0 9 2 2
1421757208 235460 683 2988 568 120979 20595 352 114369 0 9 2 2
1421757232 235460 683 2988 568 120979 20595 352 114369 0 9 2 2
1421762423 235714 683 2988 568 120979 20595 352 114369 0 9 2 2
1421762466 235714 683 2988 568 120979 20595 352 114369 0 9 2 2
1421769324 235882 683 2988 568 120979 20595 352 114369 0 9 2 2
1421773646 235882 683 2988 568 120979 20595 361 114369 0 9 2 2
1421783836 235882 683 2988 568 120979 20628 361 114369 0 9 2 2
1421784542 235882 683 2988 568 120979 20628 368 114369 0 9 2 2
1421786598 235889 683 2988 568 120979 20628 368 114369 0 9 2 2
1421788084 235890 683 2988 568 120979 20628 368 114369 0 9 2 2
1421824154 235890 683 2988 568 121005 20628 368 114369 0 9 2 2
1421836135 235890 683 2988 568 121013 20628 368 114369 0 9 2 2
1421836236 235890 683 2988 568 121013 20628 368 114369 0 9 2 2
1421837373 235890 683 2988 568 121015 20628 368 114369 0 9 2 2
1421861923 236131 683 2988 568 121015 20628 368 114369 0 9 2 2
1421861976 236131 683 2988 568 121015 20628 368 114369 0 9 2 2
1421866738 236131 683 3006 568 121015 20628 368 114369 0 9 2 2
1421866795 236131 683 3007 568 121015 20628 368 114369 0 9 2 2
1421913809 236131 683 3007 568 121015 20628 372 114369 0 9 2 2
1421925096 236131 685 3007 568 121015 20628 372 114369 0 9 2 2
1421926693 236131 685 3007 568 121086 20628 372 114369 0 9 2 2
1421926758 236131 685 3007 568 121087 20628 372 114369 0 9 2 2
1421926873 236131 685 3007 568 121087 20628 372 114369 0 9 2 2
1421934431 236131 685 3007 633 121087 20628 372 114369 0 9 2 2
1421936249 236131 685 3007 642 121087 20628 372 114369 0 9 2 2
1421937361 236206 685 3007 642 121087 20628 372 114369 0 9 2 2
1421939042 236330 685 3007 642 121087 20628 372 114369 0 9 2 2
1421940865 236366 685 3007 642 121087 20628 372 114369 0 9 2 2
1421950890 236366 685 3007 642 121087 20644 372 114369 0 9 2 2
1421957640 236366 685 3007 642 121087 20728 372 114369 0 9 2 2
1421965153 236366 685 3008 642 121087 20728 372 114369 0 9 2 2
1421985746 236366 685 3051 642 121087 20728 372 114369 0 9 2 2
1421986118 236366 685 3140 642 121087 20728 372 114369 0 9 2 2
1421986193 236366 685 3140 642 121087 20728 372 114369 0 9 2 2
1421987770 236366 685 3141 642 121087 20728 372 114369 0 9 2 2
1421991646 236366 685 3180 642 121087 20728 372 114369 0 9 2 2
1421992189 236366 685 3194 642 121087 20728 372 114369 0 9 2 2
1421993612 236366 685 3194 642 121087 20728 372 114369 2 9 2 2
1422026390 236373 685 3194 642 121087 20728 372 114369 2 9 2 2
1422032940 236373 741 3194 642 121087 20728 372 114369 2 9 2 2
1422034254 236373 756 3194 642 121087 20728 372 114369 2 9 2 2
1422034348 236373 774 3194 642 121087 20728 372 114369 2 9 2 2
1422034526 236373 859 3194 642 121087 20728 372 114369 2 9 2 2
1422035131 236373 1113 3194 642 121087 20728 372 114369 2 9 2 2
1422040181 236373 1125 3194 642 121087 20728 372 114369 2 9 2 2
1422043701 236374 1125 3194 642 121087 20728 372 114369 2 9 2 2
1422043721 236374 1125 3194 642 121087 20728 372 114369 2 9 2 2
1422057837 236374 1125 3194 642 121087 20844 372 114369 2 9 2 2
1422083119 236395 1125 3194 642 121087 20844 372 114369 2 9 2 2
1422083141 236395 1125 3194 642 121087 20844 372 114369 2 9 2 2
1422085789 236408 1125 3194 642 121087 20844 372 114369 2 9 2 2
1422088759 236481 1125 3194 642 121087 20844 372 114369 2 9 2 2
1422090779 236504 1125 3194 642 121087 20844 372 114369 2 9 2 2
1422093755 236589 1125 3194 642 121087 20844 372 114369 2 9 2 2
1422095227 236591 1125 3194 642 121087 20844 372 114369 2 9 2 2
1422096085 236591 1125 3194 642 121187 20844 372 114369 2 9 2 2
1422097304 236591 1125 3194 642 121187 20844 372 114369 2 9 2 2
1422097421 236591 1125 3194 642 121188 20844 372 114369 2 9 2 2
1422106411 236591 1125 3194 642 121212 20844 372 114369 2 9 2 2
1422121411 236591 1125 3194 642 121212 20880 372 114369 2 9 2 2
1422130220 236618 1125 3194 642 121212 20880 372 114369 2 9 2 2
1422140411 236618 1125 3194 675 121212 20880 372 114369 2 9 2 2
1422140648 236618 1125 3194 677 121212 20880 372 114369 2 9 2 2
1422186852 236618 1125 3194 744 121212 20880 372 114369 2 9 2 2
1422190471 236618 1125 3194 818 121212 20880 372 114369 2 9 2 2
1422199985 236618 1125 3194 818 121212 22514 372 114369 2 9 2 2
1422200951 236635 1125 3194 818 121212 22514 372 114369 2 9 2 2
1422208815 236635 1125 3194 818 121212 22548 372 114369 2 9 2 2
1422213732 236646 1125 3194 818 121212 22548 372 114369 2 9 2 2
1422214954 236656 1125 3194 818 121212 22548 372 114369 2 9 2 2
1422227122 236656 1125 3194 927 121212 22548 372 114369 2 9 2 2
1422242045 236656 1125 3230 927 121212 22548 372 114369 2 9 2 2
1422254807 236656 1125 3230 927 121216 22548 372 114369 2 9 2 2
1422276749 236656 1125 3230 927 121216 22548 444 114369 2 9 2 2
1422278881 236656 1125 3230 927 121216 22548 504 114369 2 9 2 2
1422281263 236656 1125 3230 927 121216 22548 593 114369 2 9 2 2
1422288322 236656 1125 3230 927 121216 22548 645 114369 2 9 2 2
1422288818 236656 1125 3231 927 121216 22548 645 114369 2 9 2 2
1422289534 236656 1125 3231 927 121216 22548 645 114369 2 9 2 2
1422289589 236656 1125 3231 927 121216 22548 645 114369 2 9 2 2
1422293544 237661 1125 3231 927 121216 22548 645 114369 2 9 2 2
1422299056 237716 1125 3231 927 121216 22548 645 114369 2 9 2 2
1422300992 237716 1125 3231 927 121216 22613 645 114369 2 9 2 2
1422302136 237788 1125 3231 927 121216 22613 645 114369 2 9 2 2
1422302156 237788 1125 3231 927 121216 22613 645 114369 2 9 2 2
1422302854 237794 1125 3231 927 121216 22613 645 114369 2 9 2 2
1422303577 237800 1125 3231 927 121216 22613 645 114369 2 9 2 2
1422310077 237800 1125 3231 994 121216 22613 645 114369 2 9 2 2
1422310252 237800 1125 3231 995 121216 22613 645 114369 2 9 2 2
1422315484 237800 1125 3231 1109 121216 22613 645 114369 2 9 2 2
1422338688 237800 1125 3231 1109 121526 22613 645 114369 2 9 2 2
1422339266 237800 1125 3231 1109 121526 22613 645 114369 2 9 2 2
1422351007 237800 1125 3231 1109 121526 22613 706 114369 2 9 2 2
1422354922 237800 1125 3231 1109 121526 22613 706 114369 90 9 2 2
1422355023 237800 1125 3231 1109 121526 22613 731 114369 90 9 2 2
1422376083 241164 1125 3231 1109 121526 22613 731 114369 90 9 2 2
1422377298 241189 1125 3231 1109 121526 22613 731 114369 90 9 2 2
1422379528 241189 1125 3231 1109 121526 22613 874 114369 90 9 2 2
1422381368 241208 1125 3231 1109 121526 22613 874 114369 90 9 2 2
1422385216 241213 1125 3231 1109 121526 22613 874 114369 90 9 2 2
1422425978 241239 1125 3231 1109 121526 22613 874 114369 90 9 2 2
1422433552 241239 1125 3231 1109 121526 22613 896 114369 90 9 2 2
1422438048 241389 1125 3231 1109 121526 22613 896 114369 90 9 2 2
1422438888 241389 1125 3231 1109 121526 22613 896 114369 90 9 2 2
1422439785 241418 1125 3231 1109 121526 22613 896 114369 90 9 2 2
1422442430 241442 1125 3231 1109 121526 22613 896 114369 90 9 2 2
1422444390 241442 1125 3231 1109 121526 22613 938 114369 90 9 2 2
1422456011 241442 1125 3231 1109 121526 22613 959 114369 90 9 2 2
1422458139 241442 1125 3443 1109 121526 22613 959 114369 90 9 2 2
1422460497 241502 1125 3443 1109 121526 22613 959 114369 90 9 2 2
1422460517 241502 1125 3443 1109 121526 22613 959 114369 90 9 2 2
1422463391 241569 1125 3443 1109 121526 22613 959 114369 90 9 2 2
1422478902 241569 1125 3458 1109 121526 22613 959 114369 90 9 2 2
1422478967 241569 1125 3459 1109 121526 22613 959 114369 90 9 2 2
1422479223 241569 1125 3510 1109 121526 22613 959 114369 90 9 2 2
1422491456 241569 1125 4048 1109 121526 22613 959 114369 90 9 2 2
1422508117 241569 1125 4048 1109 121755 22613 959 114369 90 9 2 2
1422508402 241569 1125 4048 1109 121755 22613 959 114369 90 9 2 2
1422537523 241569 1125 4048 1109 121755 22613 1153 114369 90 9 2 2
1422549146 241569 1125 4048 1109 121755 22613 1195 114369 90 9 2 2
1422553175 241569 1125 4048 1109 121755 22613 1212 114369 90 9 2 2
1422553226 241569 1125 4048 1109 121755 22613 1227 114369 90 9 2 2
1422554027 241569 1125 4048 1109 121755 22613 1264 114369 90 9 2 2
1422554271 241569 1125 4048 1109 121899 22613 1264 114369 90 9 2 2
1422554313 241569 1125 4048 1109 121899 22613 1264 114369 90 9 2 2
1422554758 241569 1125 4048 1109 121899 22613 1303 114369 90 9 2 2
1422577450 241569 1125 4086 1109 121899 22613 1303 114369 90 9 2 2
1422582687 241569 1125 4089 1109 121899 22613 1303 114369 90 9 2 2
1422588515 241569 1125 4091 1109 121899 22613 1303 114369 90 9 2 2
1422596249 241569 1125 4091 1109 121899 22613 1320 114369 90 9 2 2
1422596447 241569 1125 4091 1109 121962 22613 1320 114369 90 9 2 2
1422596487 241569 1125 4091 1109 121962 22613 1320 114369 90 9 2 2
1422599405 241569 1125 4091 1109 121962 22613 1426 114369 90 9 2 2
1422618021 241569 1125 4091 1109 121962 22613 1550 114369 90 9 2 2
1422640139 241569 1132 4091 1109 121962 22613 1550 114369 90 9 2 2
1422640684 241569 1150 4091 1109 121962 22613 1550 114369 90 9 2 2
1422640782 241569 1154 4091 1109 121962 22613 1550 114369 90 9 2 2
1422640887 241569 1174 4091 1109 121962 22613 1550 114369 90 9 2 2
1422641060 241569 1176 4091 1109 121962 22613 1550 114369 90 9 2 2
1422641143 241569 1453 4091 1109 121962 22613 1550 114369 90 9 2 2
1422641286 241569 1458 4091 1109 121962 22613 1550 114369 90 9 2 2
1422641523 241569 1460 4091 1109 121962 22613 1550 114369 90 9 2 2
1422643997 241569 1463 4091 1109 121962 22613 1550 114369 90 9 2 2
1422686595 241581 1463 4091 1109 121962 22613 1550 114369 90 9 2 2
1422687514 241597 1463 4091 1109 121962 22613 1550 114369 90 9 2 2
1422722281 241597 1468 4091 1109 121962 22613 1550 114369 90 9 2 2
1422722311 241597 1514 4091 1109 121962 22613 1550 114369 90 9 2 2
1422782360 241597 1514 4091 1110 121962 22613 1550 114369 90 9 2 2
1422800380 241597 1514 4091 1110 121962 23925 1550 114369 90 9 2 2
1422801776 241597 1514 4091 1110 121962 23927 1550 114369 90 9 2 2
1422812982 241597 1514 4091 1110 121962 23929 1550 114369 90 9 2 2
1422813872 241597 1514 4091 1151 121962 23929 1550 114369 90 9 2 2
1422826650 241597 1514 4091 1151 121962 23950 1550 114369 90 9 2 2
1422862292 241637 1514 4091 1151 121962 23950 1550 114369 90 9 2 2
1422862727 241639 1514 4091 1151 121962 23950 1550 114369 90 9 2 2
1422875919 241639 1514 4104 1151 121962 23950 1550 114369 90 9 2 2
1422881997 241639 1514 4104 1151 121962 23950 1550 114369 90 9 2 2
1422882087 241639 1535 4104 1151 121962 23950 1550 114369 90 9 2 2
1422882144 241639 1659 4104 1151 121962 23950 1550 114369 90 9 2 2
1422882226 241639 1665 4104 1151 121962 23950 1550 114369 90 9 2 2
1422921189 241639 1665 4104 1151 121962 23984 1550 114369 90 9 2 2
1422956252 241639 1665 4106 1151 121962 23984 1550 114369 90 9 2 2
1422987174 241639 1665 4106 1151 121962 23991 1550 114369 90 9 2 2
1423064089 241657 1665 4106 1151 121962 23991 1550 114369 90 9 2 2
1423081549 241657 1665 4106 1151 121962 23992 1550 114369 90 9 2 2
1423081705 241657 1665 4106 1151 121962 23992 1550 114369 90 9 2 2
1423205425 241673 1665 4106 1151 121962 23992 1550 114369 90 9 2 2
1423206812 241704 1665 4106 1151 121962 23992 1550 114369 90 9 2 2
1423208521 241862 1665 4106 1151 121962 23992 1550 114369 90 9 2 2
1423215941 241884 1665 4106 1151 121962 23992 1550 114369 90 9 2 2
1423220162 241905 1665 4106 1151 121962 23992 1550 114369 90 9 2 2
1423220226 241905 1665 4106 1151 121962 23992 1550 114369 90 9 2 2
1423256925 241905 1761 4106 1151 121962 23992 1550 114369 90 9 2 2
1423261945 241905 1761 4106 1151 121962 24018 1550 114369 90 9 2 2
1423326216 241905 1761 4106 1151 121962 24018 1572 114369 90 9 2 2
1423332818 241919 1761 4106 1151 121962 24018 1572 114369 90 9 2 2
1423338809 241919 1766 4106 1151 121962 24018 1572 114369 90 9 2 2
1423393229 241919 1766 4106 1151 121962 24018 1572 114369 90 9 2 2
1423395866 242040 1766 4106 1151 121962 24018 1572 114369 90 9 2 2
1423395885 242040 1766 4106 1151 121962 24018 1572 114369 90 9 2 2
1423396072 242042 1766 4106 1151 121962 24018 1572 114369 90 9 2 2
1423398972 242062 1766 4106 1151 121962 24018 1572 114369 90 9 2 2
1423399992 242069 1766 4106 1151 121962 24018 1572 114369 90 9 2 2
1423401832 242086 1766 4106 1151 121962 24018 1572 114369 90 9 2 2
1423402530 242104 1766 4106 1151 121962 24018 1572 114369 90 9 2 2
1423403545 242104 1774 4106 1151 121962 24018 1572 114369 90 9 2 2
1423403571 242104 1785 4106 1151 121962 24018 1572 114369 90 9 2 2
1423404574 242104 1785 4106 1151 121962 24018 1572 114369 93 9 2 2
1423405234 242116 1785 4106 1151 121962 24018 1572 114369 93 9 2 2
1423406168 242116 1785 4106 1151 121962 24018 1572 114369 93 9 2 2
1423472309 242116 1797 4106 1151 121962 24018 1572 114369 93 9 2 2
1423494832 242116 1797 4106 1151 122159 24018 1572 114369 93 9 2 2
1423646309 242116 1797 4106 1380 122159 24018 1572 114369 93 9 2 2
1423646598 242116 1797 4106 1397 122159 24018 1572 114369 93 9 2 2
1423667460 242116 1797 4106 1428 122159 24018 1572 114369 93 9 2 2
1423667775 242116 1797 4106 1432 122159 24018 1572 114369 93 9 2 2
1423670078 242116 1797 4106 1459 122159 24018 1572 114369 93 9 2 2
1423671038 242116 1797 4106 1473 122159 24018 1572 114369 93 9 2 2
1423728532 242116 1797 4106 1509 122159 24018 1572 114369 93 9 2 2
1423731004 242116 1797 4106 1510 122159 24018 1572 114369 93 9 2 2
1423735592 242116 1797 4106 1513 122159 24018 1572 114369 93 9 2 2
1423760228 242116 1797 4106 1513 122846 24018 1572 114369 93 9 2 2
1423760291 242116 1797 4106 1513 122846 24018 1572 114369 93 9 2 2
1423763914 242127 1797 4106 1513 122846 24018 1572 114369 93 9 2 2
1423764945 242127 1797 4106 1513 122871 24018 1572 114369 93 9 2 2
1423764963 242127 1797 4106 1513 122871 24018 1572 114369 93 9 2 2
1423765009 242127 1797 4106 1614 122871 24018 1572 114369 93 9 2 2
1423765569 242127 1797 4106 1614 122871 24018 1572 114369 93 9 2 2
1423766958 242127 1797 4106 1614 122876 24018 1572 114369 93 9 2 2
1423782156 242127 1797 4106 1614 122876 24167 1572 114369 93 9 2 2
1423852108 242127 1797 4106 1614 122876 24171 1572 114369 93 9 2 2
1423909175 242132 1797 4106 1614 122876 24171 1572 114369 93 9 2 2
1423912397 242132 1797 4106 1614 122876 24899 1572 114369 93 9 2 2
1423913967 250257 1797 4106 1614 122876 24899 1572 114369 93 9 2 2
1423918829 250300 1797 4106 1614 122876 24899 1572 114369 93 9 2 2
1423920672 250302 1797 4106 1614 122876 24899 1572 114369 93 9 2 2
1423925055 250353 1797 4106 1614 122876 24899 1572 114369 93 9 2 2
1423940167 250353 1797 4106 1614 122880 24899 1572 114369 93 9 2 2
1423940186 250353 1797 4106 1614 122880 24899 1572 114369 93 9 2 2
1423941508 250353 1797 4106 1614 122880 24900 1572 114369 93 9 2 2
1423941624 250353 1797 4106 1614 122880 24900 1572 114369 93 9 2 2
1423942191 250362 1797 4106 1614 122880 24900 1572 114369 93 9 2 2
1423942207 250362 1797 4106 1614 122880 24900 1572 114369 93 9 2 2
1423944905 250386 1797 4106 1614 122880 24900 1572 114369 93 9 2 2
1423987624 250409 1797 4106 1614 122880 24900 1572 114369 93 9 2 2
1423995208 250497 1797 4106 1614 122880 24900 1572 114369 93 9 2 2
1423995287 250497 1797 4106 1614 122880 24900 1572 114369 93 9 2 2
1424093274 250499 1797 4106 1614 122880 24900 1572 114369 93 9 2 2
1424111458 250499 1797 4106 1614 122880 24902 1572 114369 93 9 2 2
1424121000 250499 1811 4106 1614 122880 24902 1572 114369 93 9 2 2
1424121151 250499 1816 4106 1614 122880 24902 1572 114369 93 9 2 2
1424121257 250499 1821 4106 1614 122880 24902 1572 114369 93 9 2 2
1424121340 250499 1828 4106 1614 122880 24902 1572 114369 93 9 2 2
1424121452 250499 1898 4106 1614 122880 24902 1572 114369 93 9 2 2
1424121541 250499 1936 4106 1614 122880 24902 1572 114369 93 9 2 2
1424188307 250499 1940 4106 1614 122880 24902 1572 114369 93 9 2 2
1424188399 250499 2117 4106 1614 122880 24902 1572 114369 93 9 2 2
1424188590 250499 2119 4106 1614 122880 24902 1572 114369 93 9 2 2
1424291521 250499 2119 4106 1614 122880 24912 1572 114369 93 9 2 2
1424426716 250499 2119 4106 1614 124162 24912 1572 114369 93 9 2 2
1424521511 250499 2119 4106 1614 124162 24912 1572 114369 93 9 2 2
1424522268 250499 2119 4106 1614 124162 24912 1572 114369 93 9 2 2
1424810372 250502 2119 4106 1614 124162 24912 1572 114369 93 9 2 2
1424953672 250502 2119 4106 1614 124238 24912 1572 114369 93 9 2 2
1424954225 250502 2119 4106 1614 124238 24912 1572 114369 93 9 2 2
1425046797 250502 2119 4106 1703 124238 24912 1572 114369 93 9 2 2
1425047115 250502 2119 4106 1706 124238 24912 1572 114369 93 9 2 2
1425062681 250502 2119 4106 1710 124238 24912 1572 114369 93 9 2 2
1425064089 250502 2119 4106 1710 124238 24912 1572 114369 93 9 2 2
1425065279 250507 2119 4106 1710 124238 24912 1572 114369 93 9 2 2
1425065293 250507 2119 4106 1710 124238 24912 1572 114369 93 9 2 2
1425073188 250861 2119 4106 1710 124238 24912 1572 114369 93 9 2 2
1425121157 250861 2119 4106 1710 124238 24912 1572 114369 93 9 2 2
1425121992 250861 2119 4106 1710 124238 24912 1572 114369 95 9 2 2
1425125102 251388 2119 4106 1710 124238 24912 1572 114369 95 9 2 2
1425127944 251388 2119 4106 1811 124238 24912 1572 114369 95 9 2 2
1425128028 251388 2119 4106 1811 124238 24912 1572 114369 95 9 2 2
1425137415 251420 2119 4106 1811 124238 24912 1572 114369 95 9 2 2
1425139069 251440 2119 4106 1811 124238 24912 1572 114369 95 9 2 2
1425149096 251440 2119 4106 2067 124238 24912 1572 114369 95 9 2 2
1425154101 251441 2119 4106 2067 124238 24912 1572 114369 95 9 2 2
1425210443 251441 2119 4106 2067 124238 24912 1572 114369 95 9 2 2
1425246767 252624 2119 4106 2067 124238 24912 1572 114369 95 9 2 2
1425247113 252628 2119 4106 2067 124238 24912 1572 114369 95 9 2 2
1425247744 252720 2119 4106 2067 124238 24912 1572 114369 95 9 2 2
1425328089 252725 2119 4106 2067 124238 24912 1572 114369 95 9 2 2
1425330052 252772 2119 4106 2067 124238 24912 1572 114369 95 9 2 2
1425330287 252779 2119 4106 2067 124238 24912 1572 114369 95 9 2 2
1425404376 252994 2119 4106 2067 124238 24912 1572 114369 95 9 2 2
1425408383 253085 2119 4106 2067 124238 24912 1572 114369 95 9 2 2
1425412393 262389 2119 4106 2067 124238 24912 1572 114369 95 9 2 2
1425594228 262389 2465 4106 2067 124238 24912 1572 114369 95 9 2 2
1425595361 262389 2476 4106 2067 124238 24912 1572 114369 95 9 2 2
1425595432 262389 2485 4106 2067 124238 24912 1572 114369 95 9 2 2
1425595522 262389 2489 4106 2067 124238 24912 1572 114369 95 9 2 2
1425595665 262389 2500 4106 2067 124238 24912 1572 114369 95 9 2 2
1425595774 262389 2506 4106 2067 124238 24912 1572 114369 95 9 2 2
1425595879 262389 2530 4106 2067 124238 24912 1572 114369 95 9 2 2
1425595975 262389 2532 4106 2067 124238 24912 1572 114369 95 9 2 2
1425666854 262390 2532 4106 2067 124238 24912 1572 114369 95 9 2 2
1425669245 262391 2532 4106 2067 124238 24912 1572 114369 95 9 2 2
1425670645 262392 2532 4106 2067 124238 24912 1572 114369 95 9 2 2
1425670849 262392 2532 4106 2067 124238 24912 1572 114369 95 9 2 2
1425677385 262575 2532 4106 2067 124238 24912 1572 114369 95 9 2 2
1425678391 262575 2532 4106 2067 124238 24923 1572 114369 95 9 2 2
1425728353 262951 2532 4106 2067 124238 24923 1572 114369 95 9 2 2
1425741905 263705 2532 4106 2067 124238 24923 1572 114369 95 9 2 2
1425749022 264085 2532 4106 2067 124238 24923 1572 114369 95 9 2 2
1425754931 264181 2532 4106 2067 124238 24923 1572 114369 95 9 2 2
1425754967 264187 2532 4106 2067 124238 24923 1572 114369 95 9 2 2
1425754981 264187 2532 4106 2067 124238 24923 1572 114369 95 9 2 2
1425758896 264229 2532 4106 2067 124238 24923 1572 114369 95 9 2 2
1425759654 264245 2532 4106 2067 124238 24923 1572 114369 95 9 2 2
1425760306 264250 2532 4106 2067 124238 24923 1572 114369 95 9 2 2
1425761671 264373 2532 4106 2067 124238 24923 1572 114369 95 9 2 2
1425767199 264974 2532 4106 2067 124238 24923 1572 114369 95 9 2 2
1425768815 264994 2532 4106 2067 124238 24923 1572 114369 95 9 2 2
1425771520 265012 2532 4106 2067 124238 24923 1572 114369 95 9 2 2
1425774861 265012 2532 4106 2067 124238 24923 1572 114369 95 9 2 2
1425774995 265012 2536 4106 2067 124238 24923 1572 114369 95 9 2 2
1425775196 265012 2587 4106 2067 124238 24923 1572 114369 95 9 2 2
1425775429 265012 2589 4106 2067 124238 24923 1572 114369 95 9 2 2
1425775525 265012 2607 4106 2067 124238 24923 1572 114369 95 9 2 2
1425775616 265012 2608 4106 2067 124238 24923 1572 114369 95 9 2 2
1425802105 365674 2608 4106 2067 124238 24923 1572 114369 95 9 2 2
1425802123 365674 2608 4106 2067 124238 24923 1572 114369 95 9 2 2
1425805148 366328 2608 4106 2067 124238 24923 1572 114369 95 9 2 2
1425805832 366328 2609 4106 2067 124238 24923 1572 114369 95 9 2 2
1425812830 383945 2609 4106 2067 124238 24923 1572 114369 95 9 2 2
1425812857 383945 2609 4106 2067 124238 24923 1572 114369 95 9 2 2
1425813251 383945 2610 4106 2067 124238 24923 1572 114369 95 9 2 2
1425817261 383945 2610 4106 2067 124238 24928 1572 114369 95 9 2 2
1425817428 429252 2610 4106 2067 124238 24928 1572 114369 95 9 2 2
1425819963 435837 2610 4106 2067 124238 24928 1572 114369 95 9 2 2
1425819976 435837 2610 4106 2067 124238 24928 1572 114369 95 9 2 2
1425825077 435899 2610 4106 2067 124238 24928 1572 114369 95 9 2 2
1425825816 435905 2610 4106 2067 124238 24928 1572 114369 95 9 2 2
1425893358 435935 2610 4106 2067 124238 24928 1572 114369 95 9 2 2
1425899519 436021 2610 4106 2067 124238 24928 1572 114369 95 9 2 2
1425901297 436021 2610 4106 2067 124238 24928 1572 114369 95 9 2 2
1425901601 436021 2610 4106 2067 124238 24928 1572 114369 97 9 2 2
1425904111 436021 2610 4106 2067 124238 24928 1572 114369 775 9 2 2
1425905234 436021 2610 4106 2067 124238 24928 1572 114369 1308 9 2 2
1425920525 436021 2610 4106 2067 124238 24928 1572 114369 1308 9 2 2
1425920606 436021 2612 4106 2067 124238 24928 1572 114369 1308 9 2 2
1425920904 436021 2648 4106 2067 124238 24928 1572 114369 1308 9 2 2
1425921241 436021 2750 4106 2067 124238 24928 1572 114369 1308 9 2 2
1425921434 436021 2751 4106 2067 124238 24928 1572 114369 1308 9 2 2
1425921563 436021 2753 4106 2067 124238 24928 1572 114369 1308 9 2 2
1425921673 436021 2753 4106 2067 124238 24928 1572 114369 1308 9 2 2
1425922208 436234 2753 4106 2067 124238 24928 1572 114369 1308 9 2 2
1425923123 436297 2753 4106 2067 124238 24928 1572 114369 1308 9 2 2
1425924110 436297 2753 4106 2067 124238 24928 1572 114369 1308 9 2 2
1425927311 436297 2753 4106 2068 124238 24928 1572 114369 1308 9 2 2
1425927547 436361 2753 4106 2068 124238 24928 1572 114369 1308 9 2 2
1425928311 436373 2753 4106 2068 124238 24928 1572 114369 1308 9 2 2
1425928844 436377 2753 4106 2068 124238 24928 1572 114369 1308 9 2 2
1425930619 436387 2753 4106 2068 124238 24928 1572 114369 1308 9 2 2
1425931909 436419 2753 4106 2068 124238 24928 1572 114369 1308 9 2 2
1425935044 436546 2753 4106 2068 124238 24928 1572 114369 1308 9 2 2
1425936435 436562 2753 4106 2068 124238 24928 1572 114369 1308 9 2 2
1425936453 436562 2753 4106 2068 124238 24928 1572 114369 1308 9 2 2
1425939324 436563 2753 4106 2068 124238 24928 1572 114369 1308 9 2 2
1425980205 436564 2753 4106 2068 124238 24928 1572 114369 1308 9 2 2
1425982496 436609 2753 4106 2068 124238 24928 1572 114369 1308 9 2 2
1425983539 436639 2753 4106 2068 124238 24928 1572 114369 1308 9 2 2
1425983949 436656 2753 4106 2068 124238 24928 1572 114369 1308 9 2 2
1426003354 436657 2753 4106 2068 124238 24928 1572 114369 1308 9 2 2
1426014230 436729 2753 4106 2068 124238 24928 1572 114369 1308 9 2 2
1426016405 436823 2753 4106 2068 124238 24928 1572 114369 1308 9 2 2
1426016484 436827 2753 4106 2068 124238 24928 1572 114369 1308 9 2 2
1426017832 436876 2753 4106 2068 124238 24928 1572 114369 1308 9 2 2
1426022131 436959 2753 4106 2068 124238 24928 1572 114369 1308 9 2 2
1426028568 436959 2793 4106 2068 124238 24928 1572 114369 1308 9 2 2
1426028668 436959 2803 4106 2068 124238 24928 1572 114369 1308 9 2 2
1426028819 436959 2818 4106 2068 124238 24928 1572 114369 1308 9 2 2
1426029141 436959 2869 4106 2068 124238 24928 1572 114369 1308 9 2 2
1426029195 436959 2869 4106 2068 124238 24928 1572 114369 1308 9 2 2
1426077470 436959 2871 4106 2068 124238 24928 1572 114369 1308 9 2 2
1426077536 436959 3007 4106 2068 124238 24928 1572 114369 1308 9 2 2
1426077652 436959 3012 4106 2068 124238 24928 1572 114369 1308 9 2 2
1426077726 436959 3012 4106 2068 124238 24928 1572 114369 1308 9 2 2
1426077801 436959 3063 4106 2068 124238 24928 1572 114369 1308 9 2 2
1426077857 436959 3064 4106 2068 124238 24928 1572 114369 1308 9 2 2
1426078503 436959 3066 4106 2068 124238 24928 1572 114369 1308 9 2 2
1426189697 436959 3200 4106 2068 124238 24928 1572 114369 1308 9 2 2
1426189757 436959 3203 4106 2068 124238 24928 1572 114369 1308 9 2 2
1426235901 436959 3248 4106 2068 124238 24928 1572 114369 1308 9 2 2
1426428827 437096 3248 4106 2068 124238 24928 1572 114369 1308 9 2 2
1426428882 437173 3248 4106 2068 124238 24928 1572 114369 1308 9 2 2
1426430320 437201 3248 4106 2068 124238 24928 1572 114369 1308 9 2 2
1426432174 437352 3248 4106 2068 124238 24928 1572 114369 1308 9 2 2
1426433362 437379 3248 4106 2068 124238 24928 1572 114369 1308 9 2 2
1426433876 437387 3248 4106 2068 124238 24928 1572 114369 1308 9 2 2
1426435180 437408 3248 4106 2068 124238 24928 1572 114369 1308 9 2 2
1426438408 437458 3248 4106 2068 124238 24928 1572 114369 1308 9 2 2
1426439323 437469 3248 4106 2068 124238 24928 1572 114369 1308 9 2 2
1426442504 437492 3248 4106 2068 124238 24928 1572 114369 1308 9 2 2
1426452607 437578 3248 4106 2068 124238 24928 1572 114369 1308 9 2 2
1426452624 437715 3248 4106 2068 124238 24928 1572 114369 1308 9 2 2
1426531708 437715 3248 4106 2068 124238 25078 1572 114369 1308 9 2 2
1426533134 437721 3248 4106 2068 124238 25078 1572 114369 1308 9 2 2
1426534920 437768 3248 4106 2068 124238 25078 1572 114369 1308 9 2 2
1426538902 437768 3248 4106 2068 124238 25084 1572 114369 1308 9 2 2
1426544914 437842 3248 4106 2068 124238 25084 1572 114369 1308 9 2 2
1426545384 437845 3248 4106 2068 124238 25084 1572 114369 1308 9 2 2
1426596804 437845 3252 4106 2068 124238 25084 1572 114369 1308 9 2 2
1426596913 437845 3260 4106 2068 124238 25084 1572 114369 1308 9 2 2
1426597043 437845 3382 4106 2068 124238 25084 1572 114369 1308 9 2 2
1426683499 437845 3385 4106 2068 124238 25084 1572 114369 1308 9 2 2
1426683552 437845 3420 4106 2068 124238 25084 1572 114369 1308 9 2 2
1426683671 437845 3451 4106 2068 124238 25084 1572 114369 1308 9 2 2
1426706299 437868 3451 4106 2068 124238 25084 1572 114369 1308 9 2 2
1426710257 437924 3451 4106 2068 124238 25084 1572 114369 1308 9 2 2
1426710960 437993 3451 4106 2068 124238 25084 1572 114369 1308 9 2 2
1426713820 438066 3451 4106 2068 124238 25084 1572 114369 1308 9 2 2
1426716113 438092 3451 4106 2068 124238 25084 1572 114369 1308 9 2 2
1426716173 438097 3451 4106 2068 124238 25084 1572 114369 1308 9 2 2
1426804623 438258 3451 4106 2068 124238 25084 1572 114369 1308 9 2 2
1426879537 438258 3451 4106 2068 124238 25134 1572 114369 1308 9 2 2
1426943399 438411 3451 4106 2068 124238 25134 1572 114369 1308 9 2 2
1426952081 438445 3451 4106 2068 124238 25134 1572 114369 1308 9 2 2
1426952146 438445 3451 4106 2068 124238 25134 1572 114369 1308 9 2 2
1426952959 438476 3451 4106 2068 124238 25134 1572 114369 1308 9 2 2
1426965167 438476 3451 4106 2068 124238 25134 1572 114369 1308 9 2 2
1426966844 438502 3451 4106 2068 124238 25134 1572 114369 1308 9 2 2
1426966928 438512 3451 4106 2068 124238 25134 1572 114369 1308 9 2 2
1426966937 438512 3451 4106 2068 124238 25134 1572 114369 1308 9 2 2
1426967005 438512 3451 4106 2068 124238 25134 1572 114369 1308 9 2 2
1426967032 438517 3451 4106 2068 124238 25134 1572 114369 1308 9 2 2
1426967063 438517 3451 4106 2068 124238 25134 1572 114369 1308 9 2 2
1427034077 438518 3451 4106 2068 124238 25134 1572 114369 1308 9 2 2
1427038028 554591 3451 4106 2068 124238 25134 1572 114369 1308 9 2 2
1427038303 554591 3451 4106 2068 124238 25134 1572 114369 1308 9 2 2
1427038459 554591 3451 4106 2068 124238 25134 1572 114369 1308 9 2 2
1427040378 554592 3451 4106 2068 124238 25134 1572 114369 1308 9 2 2
1427041144 554596 3451 4106 2068 124238 25134 1572 114369 1308 9 2 2
1427042794 554597 3451 4106 2068 124238 25134 1572 114369 1308 9 2 2
1427059165 554598 3451 4106 2068 124238 25134 1572 114369 1308 9 2 2
1427105976 554599 3451 4106 2068 124238 25134 1572 114369 1308 9 2 2
1427106083 554599 3451 4106 2078 124238 25134 1572 114369 1308 9 2 2
1427106489 554599 3451 4106 2078 124238 25134 1572 114369 1308 9 2 2
1427107244 554601 3451 4106 2078 124238 25134 1572 114369 1308 9 2 2
1427107270 554601 3451 4106 2078 124238 25134 1572 114369 1308 9 2 2
1427136961 554722 3451 4106 2078 124238 25134 1572 114369 1308 9 2 2
1427143421 562934 3451 4106 2078 124238 25134 1572 114369 1308 9 2 2
1427144020 563035 3451 4106 2078 124238 25134 1572 114369 1308 9 2 2
1427182150 563035 3452 4106 2078 124238 25134 1572 114369 1308 9 2 2
1427192849 563035 3460 4106 2078 124238 25134 1572 114369 1308 9 2 2
1427272634 563044 3460 4106 2078 124238 25134 1572 114369 1308 9 2 2
1427272646 563044 3460 4106 2078 124238 25134 1572 114369 1308 9 2 2
1427315775 563052 3460 4106 2078 124238 25134 1572 114369 1308 9 2 2
1427316649 569483 3460 4106 2078 124238 25134 1572 114369 1308 9 2 2
1427318343 569569 3460 4106 2078 124238 25134 1572 114369 1308 9 2 2
1427321909 569730 3460 4106 2078 124238 25134 1572 114369 1308 9 2 2
1427322192 569731 3460 4106 2078 124238 25134 1572 114369 1308 9 2 2
1427324749 571194 3460 4106 2078 124238 25134 1572 114369 1308 9 2 2
1427324885 571201 3460 4106 2078 124238 25134 1572 114369 1308 9 2 2
1427374438 571201 3461 4106 2078 124238 25134 1572 114369 1308 9 2 2
1427405042 571201 3461 4106 2078 124238 25134 1572 114369 1308 9 2 2
1427405074 571235 3461 4106 2078 124238 25134 1572 114369 1308 9 2 2
1427405263 571266 3461 4106 2078 124238 25134 1572 114369 1308 9 2 2
1427405492 578042 3461 4106 2078 124238 25134 1572 114369 1308 9 2 2
1427405548 578048 3461 4106 2078 124238 25134 1572 114369 1308 9 2 2
1427405562 578048 3461 4106 2078 124238 25134 1572 114369 1308 9 2 2
1427465787 578048 3461 4106 2141 124238 25134 1572 114369 1308 9 2 2
1427483200 584681 3461 4106 2141 124238 25134 1572 114369 1308 9 2 2
1427483391 584684 3461 4106 2141 124238 25134 1572 114369 1308 9 2 2
1427487743 585469 3461 4106 2141 124238 25134 1572 114369 1308 9 2 2
1427491088 586075 3461 4106 2141 124238 25134 1572 114369 1308 9 2 2
1427494335 586387 3461 4106 2141 124238 25134 1572 114369 1308 9 2 2
1427494401 586388 3461 4106 2141 124238 25134 1572 114369 1308 9 2 2
1427494732 586394 3461 4106 2141 124238 25134 1572 114369 1308 9 2 2
1427497149 586396 3461 4106 2141 124238 25134 1572 114369 1308 9 2 2
1427569588 586396 3461 4106 2369 124238 25134 1572 114369 1308 9 2 2
1427576083 586396 3461 4106 2412 124238 25134 1572 114369 1308 9 2 2
1427576828 586396 3461 4106 2425 124238 25134 1572 114369 1308 9 2 2
1427632865 586396 3461 4106 2483 124238 25134 1572 114369 1308 9 2 2
1427632915 586396 3461 4106 2483 124238 25134 1572 114369 1308 9 2 2
1427639213 586424 3461 4106 2483 124238 25134 1572 114369 1308 9 2 2
1427642887 593026 3461 4106 2483 124238 25134 1572 114369 1308 9 2 2
1427645574 593134 3461 4106 2483 124238 25134 1572 114369 1308 9 2 2
1427646663 593134 3461 4106 2490 124238 25134 1572 114369 1308 9 2 2
1427646698 593134 3461 4106 2490 124238 25134 1572 114369 1308 9 2 2
1427647037 593145 3461 4106 2490 124238 25134 1572 114369 1308 9 2 2
1427647474 593145 3464 4106 2490 124238 25134 1572 114369 1308 9 2 2
1427648571 593145 3464 4107 2490 124238 25134 1572 114369 1308 9 2 2
1427649329 593645 3464 4107 2490 124238 25134 1572 114369 1308 9 2 2
1427649338 593645 3464 4107 2490 124238 25134 1572 114369 1308 9 2 2
1427652251 593663 3464 4107 2490 124238 25134 1572 114369 1308 9 2 2
1427663107 593663 3464 4165 2490 124238 25134 1572 114369 1308 9 2 2
1427707086 593663 3464 4165 2510 124238 25134 1572 114369 1308 9 2 2
1427707239 593663 3464 4165 2510 124238 25134 1572 114369 1308 9 2 2
1427731261 593663 3487 4165 2510 124238 25134 1572 114369 1308 9 2 2
1427798258 593663 3498 4165 2510 124238 25134 1572 114369 1308 9 2 2
1427824885 593663 3498 4165 2510 124238 25134 1572 114369 1308 9 2 2
1427827844 593663 3498 4165 2510 124238 25136 1572 114369 1308 9 2 2
1427923462 593663 3501 4165 2510 124238 25136 1572 114369 1308 9 2 2
1427948048 593663 3501 4207 2510 124238 25136 1572 114369 1308 9 2 2
1427948514 593663 3501 4216 2510 124238 25136 1572 114369 1308 9 2 2
1427956175 593663 3501 4216 2510 124238 25136 1572 114369 1308 9 2 2
1427956933 593667 3501 4216 2510 124238 25136 1572 114369 1308 9 2 2
1427964760 593667 3505 4216 2510 124238 25136 1572 114369 1308 9 2 2
1427994085 600343 3505 4216 2510 124238 25136 1572 114369 1308 9 2 2
1428001469 600824 3505 4216 2510 124238 25136 1572 114369 1308 9 2 2
1428001483 600824 3505 4216 2510 124238 25136 1572 114369 1308 9 2 2
1428003572 600844 3505 4216 2510 124238 25136 1572 114369 1308 9 2 2
1428004423 601012 3505 4216 2510 124238 25136 1572 114369 1308 9 2 2
1428005420 601252 3505 4216 2510 124238 25136 1572 114369 1308 9 2 2
1428039102 601264 3505 4216 2510 124238 25136 1572 114369 1308 9 2 2
1428085175 601264 3505 4216 2510 124238 25139 1572 114369 1308 9 2 2
1428137467 601566 3505 4216 2510 124238 25139 1572 114369 1308 9 2 2
1428137485 601566 3505 4216 2510 124238 25139 1572 114369 1308 9 2 2
1428138554 601664 3505 4216 2510 124238 25139 1572 114369 1308 9 2 2
1428142659 601664 3505 4218 2510 124238 25139 1572 114369 1308 9 2 2
1428145629 601702 3505 4218 2510 124238 25139 1572 114369 1308 9 2 2
1428145636 601702 3505 4218 2510 124238 25139 1572 114369 1308 9 2 2
1428159056 601703 3505 4218 2510 124238 25139 1572 114369 1308 9 2 2
1428165574 601757 3505 4218 2510 124238 25139 1572 114369 1308 9 2 2
1428167523 601757 3505 4218 2510 124238 32036 1572 114369 1308 9 2 2
1428171624 601882 3505 4218 2510 124238 32036 1572 114369 1308 9 2 2
1428171783 601882 3505 4218 2510 124238 32036 1572 114369 1308 9 2 2
1428171918 605006 3505 4218 2510 124238 32036 1572 114369 1308 9 2 2
1428178257 605015 3505 4218 2510 124238 32036 1572 114369 1308 9 2 2
1428179103 605015 3538 4218 2510 124238 32036 1572 114369 1308 9 2 2
1428179349 605015 3550 4218 2510 124238 32036 1572 114369 1308 9 2 2
1428179651 605015 3563 4218 2510 124238 32036 1572 114369 1308 9 2 2
1428179681 605015 3566 4218 2510 124238 32036 1572 114369 1308 9 2 2
1428179711 605015 3566 4218 2510 124238 32036 1572 114369 1308 9 2 2
1428180368 605015 3567 4218 2510 124238 32036 1572 114369 1308 9 2 2
1428180902 605015 3567 4218 2510 124238 32036 1572 114369 1308 9 2 2
1428183928 605269 3567 4218 2510 124238 32036 1572 114369 1308 9 2 2
1428183936 605269 3567 4218 2510 124238 32036 1572 114369 1308 9 2 2
1428185886 605282 3567 4218 2510 124238 32036 1572 114369 1308 9 2 2
1428187958 605286 3567 4218 2510 124238 32036 1572 114369 1308 9 2 2
1428224155 605292 3567 4218 2510 124238 32036 1572 114369 1308 9 2 2
1428224578 605303 3567 4218 2510 124238 32036 1572 114369 1308 9 2 2
1428227013 605348 3567 4218 2510 124238 32036 1572 114369 1308 9 2 2
1428227870 605349 3567 4218 2510 124238 32036 1572 114369 1308 9 2 2
1428235411 605398 3567 4218 2510 124238 32036 1572 114369 1308 9 2 2
1428253893 605399 3567 4218 2510 124238 32036 1572 114369 1308 9 2 2
1428345065 605407 3567 4218 2510 124238 32036 1572 114369 1308 9 2 2
1428353609 606043 3567 4218 2510 124238 32036 1572 114369 1308 9 2 2
1428355191 606045 3567 4218 2510 124238 32036 1572 114369 1308 9 2 2
1428426211 606047 3567 4218 2510 124238 32036 1572 114369 1308 9 2 2
1428428100 606091 3567 4218 2510 124238 32036 1572 114369 1308 9 2 2
1428434296 606091 3567 4218 2510 124238 38962 1572 114369 1308 9 2 2
1428436659 607703 3567 4218 2510 124238 38962 1572 114369 1308 9 2 2
1428436807 607703 3567 4218 2510 124238 38962 1572 114369 1308 9 2 2
1428438092 607708 3567 4218 2510 124238 38962 1572 114369 1308 9 2 2
1428439182 607708 3567 4218 2510 124238 38962 1572 114369 1308 9 2 2
1428459282 607708 3567 4289 2510 124238 38962 1572 114369 1308 9 2 2
1428606775 607718 3567 4289 2510 124238 38962 1572 114369 1308 9 2 2
1428606797 607718 3567 4289 2510 124238 38962 1572 114369 1308 9 2 2
1428861346 607762 3567 4289 2510 124238 38962 1572 114369 1308 9 2 2
1428864430 620048 3567 4289 2510 124238 38962 1572 114369 1308 9 2 2
1428868713 620164 3567 4289 2510 124238 38962 1572 114369 1308 9 2 2
