1416638885 1
1416657063 2
1416657119 14
1416663703 326
1416728283 326
1416728329 358
1416728426 781
1416748856 813
1416748888 820
1416748938 874
1416749010 889
1416749070 922
1416752314 1074
1416753307 1113
1416757408 1362
1416757502 1362
1416820295 1362
1416820849 1363
1416821153 1364
1416821432 1419
1416855418 1420
1416856913 1420
1416938182 1421
1416938233 1422
1416938803 1426
1416938849 1427
1417307042 1430
1421186016 1430
1421186245 1430
1421210186 52184
1421222705 52187
1421241199 52209
1421255010 52600
1421261336 72748
1421262557 72748
1421263655 72755
1421276329 72877
1421276405 72882
1421301668 72887
1421301717 72887
1421324908 71970
1421344665 72101
1421353009 72093
1421358950 72157
1421398394 72206
1421406207 72276
1421414518 72379
1421425278 72629
1421428255 72808
1421434780 122501
1421436723 103190
1421443196 102890
1421452860 102618
1421464042 102676
1421525771 102670
1421529071 102722
1421530888 102731
1421531602 102736
1421531949 102789
1421535010 102789
1421578192 102807
1421613603 102925
1421613619 102992
1421614245 102991
1421630081 103171
1421643437 103207
1421648894 103237
1421649470 103240
1421659768 103252
1421683506 103297
1421683542 103373
1421684993 103372
1421685375 110046
1421688748 110043
1421688768 110053
1421695260 103390
1421695280 103412
1421703452 103378
1421752471 103513
1421752496 103552
1421762423 103793
1421762466 103838
1421769324 103857
1421773646 103858
1421783836 103858
1421784542 103865
1421786598 103869
1421788084 103869
1421861923 103979
1421861976 104002
1421866738 104016
1421866795 104016
1421913809 104018
1421925096 104018
1421926873 104054
1421934431 104072
1421936249 104074
1421937361 104067
1421939042 104187
1421940865 104197
1421950890 104209
1421957640 104273
1421965153 104273
1421985746 104316
1421986118 104228
1421986193 104228
1421987770 104229
1421991646 104239
1421992189 104241
1421993612 104242
1422026390 104244
1422043701 104244
1422043721 104393
1422083119 103925
1422083141 103990
1422085789 103988
1422088759 104004
1422090779 104019
1422093755 104049
1422095227 104045
1422097304 104140
1422097421 104140
1422106411 104164
1422121411 104186
1422130220 104203
1422140411 104232
1422140648 104234
1422186852 104293
1422190471 104293
1422199985 105902
1422200951 105910
1422208815 105912
1422213732 105919
1422214954 105919
1422293544 106835
1422299056 106878
1422302136 106944
1422302156 107388
1422302854 107392
1422303577 107398
1422310077 107417
1422310252 107417
1422315484 107516
1422339266 107618
1422351007 107663
1422355023 107676
1422376083 110953
1422377298 110104
1422379528 110221
1422381368 110198
1422385216 110193
1422425978 110190
1422438048 110235
1422438888 110251
1422439785 110254
1422442430 110273
1422460497 110310
1422460517 110423
1422463391 110452
1422478902 110465
1422478967 110465
1422479223 110505
1422491456 110975
1422508402 111202
1422537523 111312
1422549146 111323
1422553175 111340
1422553226 111355
1422554027 111367
1422554313 111439
1422554758 111474
1422577450 111502
1422582687 111504
1422588515 111504
1422596249 111508
1422596487 111569
1422599405 111618
1422618021 111738
1422640139 111745
1422640684 111751
1422640782 111754
1422640887 111774
1422641060 111774
1422641143 112051
1422641286 112055
1422641523 112053
1422643997 112018
1422686595 112023
1422687514 112030
1422722281 112035
1422722311 112071
1422782360 112071
1422800380 113282
1422801776 113284
1422812982 113284
1422813872 113283
1422826650 113301
1422862292 113302
1422862727 113302
1422875919 113291
1422881997 113235
1422882087 113256
1422882144 113379
1422882226 113379
1422921189 113325
1422956252 113327
1422987174 113334
1423081549 113334
1423081705 113344
1423205425 113353
1423206812 113377
1423208521 113392
1423215941 113389
1423220162 113363
1423220226 113363
1423256925 113422
1423261945 113441
1423326216 113452
1423332818 113444
1423395866 113536
1423395885 113540
1423396072 113540
1423398972 113454
1423399992 113459
1423401832 113467
1423402530 113479
1423403545 113487
1423403571 113497
1423405234 113506
1423472309 113517
1423646309 113727
1423646598 113733
1423667460 113750
1423667775 113754
1423670078 113769
1423671038 113779
1423728532 113732
1423731004 113732
1423735592 113732
1423765009 113829
1423765569 114630
1423766958 114634
1423940167 114634
1423940186 122910
1423942191 122909
1423942207 122909
1423944905 122918
1423987624 122926
1423995208 122987
1423995287 122965
1424093274 122963
1424111458 122964
1424121000 122978
1424121151 122981
1424121257 122986
1424121340 122993
1424121452 123063
1424121541 123100
1424188307 123103
1424188399 123279
1424188590 123281
1424291521 123290
1424810372 123290
1424954225 124606
1425046797 124630
1425047115 124631
1425062681 124632
1425127944 124657
1425128028 115238
1425137415 115259
1425139069 115242
1425149096 115248
1425154101 115248
1425246767 115362
1425247113 115361
1425247744 113095
1425328089 112710
1425330052 112726
1425330287 112726
1425404376 112656
1425408383 112710
1425412393 112730
1425594228 113076
1425595361 113087
1425595432 113087
1425595522 113091
1425595665 113098
1425595774 113104
1425595879 113128
1425595975 113130
1425666854 113130
1425669245 113124
1425670645 113124
1425670849 113123
1425677385 113193
1425728353 113256
1425741905 113318
1425749022 113397
1425754931 113383
1425754967 113386
1425754981 113390
1425758896 113346
1425759654 113344
1425760306 113346
1425761671 113426
1425767199 113447
1425768815 113431
1425771520 113414
1425802105 113411
1425802123 113461
1425805148 113572
1425812830 41737
1425812857 41737
1425817428 67726
1425819963 67735
1425819976 67736
1425825077 67695
1425825816 67699
1425893358 67657
1425899519 67739
1425922208 67903
1425923123 67952
1425924110 69076
1425927547 69096
1425928311 69094
1425928844 69096
1425930619 69099
1425931909 69118
1425935044 69159
1425936435 69168
1425936453 69164
1425939324 69164
1425980205 68984
1425982496 69020
1425983539 69043
1425983949 69056
1426003354 68789
1426014230 68842
1426016405 68934
1426016484 68934
1426017832 68958
1426022131 69007
1426028568 69047
1426028668 69057
1426028819 69018
1426029141 69053
1426029195 69041
1426077470 69037
1426077536 69173
1426077652 69173
1426077726 69043
1426077801 69069
1426077857 69069
1426078503 69070
1426189697 69075
1426189757 69076
1426235901 69118
1426428827 69132
1426428882 69159
1426430320 69185
1426432174 69202
1426433362 69216
1426433876 69222
1426435180 69238
1426438408 69210
1426439323 69220
1426442504 69235
1426452607 69306
1426452624 69438
1426531708 69552
1426533134 69553
1426534920 69555
1426538902 69548
1426544914 69449
1426545384 69452
1426596804 69456
1426596913 69464
1426597043 69574
1426683499 69575
1426683552 69609
1426683671 69640
1426706299 69646
1426710257 69680
1426710960 69707
1426713820 69717
1426804623 69729
1426879537 69779
1426943399 69739
1426952081 69694
1426952146 69655
1426952959 69664
1426965167 69664
1426966844 69672
1426967032 69575
1427034077 69575
1427038028 185573
1427038303 185573
1427038459 107144
1427040378 107144
1427041144 107144
1427042794 107115
1427059165 107109
1427105976 107109
1427107244 107109
1427107270 107115
1427136961 107203
1427143421 114893
1427144020 114982
1427272634 114982
1427272646 114982
1427315775 108566
1427316649 114982
1427318343 114936
1427321909 115029
1427322192 115024
1427324749 115552
1427324885 108853
1427405042 108830
1427405074 108862
1427405263 108880
1427405492 115584
1427405548 108984
1427405562 108984
1427465787 109009
1427569588 109042
1427576083 109047
1427576828 109052
1427632865 109065
1427632915 109415
1427646663 109417
1427646698 109427
1427647037 109432
1427649329 109675
1427649338 109655
1427652251 109649
1427824885 109738
1427956175 109787
1427956933 109787
1427994085 116358
1428001469 109938
1428001483 109938
1428003572 109938
1428004423 110106
1428005420 110203
1428039102 110198
1428085175 110198
1428137467 110477
1428137485 110477
1428138554 110541
1428145629 110579
1428145636 110579
1428179103 110611
1428179349 110617
1428179651 110630
1428179681 110633
1428179711 113817
1428183928 113868
1428183936 113865
1428185886 113872
1428187958 113876
1428224155 113876
1428224578 113883
1428227013 113900
1428227870 113900
1428235411 113943
1428253893 113943
1428345065 113943
1428353609 114180
1428355191 114133
1428426211 114087
1428428100 114086
1428436659 114170
1428436807 121082
1428438092 121083
1428459282 121154
1428606797 121158
1428861346 114195
1428864430 118517
1428868713 118600
